1 0.725050659375 0.70074411875 0.7298569671874999 0.69936593125 0.7102797765625 0.62383624375 0.7004066609375 0.5694508453125 0.7062518140625 0.5771374703125 0.7596422031250001 0.6762609609375 0.774562575 0.6938289015625 0.7704986578125 0.6814703171875001 0.73500388125 0.6229885187499999 0.7209671906249999 0.595804490625 0.6983926796875 0.5461014578125 0.6922012468750001 0.5353932296874999 0.6887661875 0.5342976187499999 0.6873949374999999 0.5367714171875 0.6973178828125 0.5713768375 0.7067173062500001 0.6331801625 0.725050659375 0.70074411875
1 0.66847750625 0.72112740625 0.6764640515625 0.7417238890625 0.6800403984375001 0.746940184375 0.6812842359375 0.754905915625 0.6868468125 0.754351171875 0.68650053125 0.7513295671875 0.6708100171875 0.7183779703125001 0.66860491875 0.7106878765625 0.6650285703125001 0.70547158125 0.65869585 0.69064266875 0.6553882015625 0.6791075296875 0.652363128125 0.67581375625 0.6490554796875 0.6642786171874999 0.646786675 0.6618082875 0.6379303265625 0.6653881046875 0.6404180015625001 0.681319565625 0.6404318765625 0.6958797796875 0.6387919296875 0.704672421875 0.642792140625 0.7222507703125001 0.6430885921875 0.7450523515625 0.64185863125 0.751646834375 0.6435124546875 0.7574144031250001 0.6481137703125001 0.757135296875 0.64872875 0.75383805625 0.6463684875 0.727467065625 0.6471884609375 0.7230707437499999 0.644842075 0.7112599656249999 0.6455207609375 0.7027429609375 0.6442769234375 0.6947772296875 0.646326859375 0.6837864265625 0.644736740625 0.672799090625 0.6511331671875 0.6824082390624999 0.662696059375 0.7082210171875001 0.665452434375 0.717833634375 0.66847750625 0.72112740625
1 0.49640031249999994 0.6144248328125 0.5005418109375 0.6361238640625 0.5255901203125 0.6871981453125 0.530191434375 0.6869190390625 0.49640031249999994 0.6144248328125
1 0.47224955937499996 0.568294678125 0.46819951875 0.5704963078125 0.48038306718749996 0.671032675 0.4898323203125 0.7130560218750001 0.493741071875 0.7067337078125 0.48574065156249996 0.6715770125 0.4752109265625 0.5768082140625 0.47224955937499996 0.568294678125
1 0.3638572078125 0.7689444921875 0.36158840312499996 0.7664741640625 0.361383409375 0.76757324375 0.361524696875 0.771693928125 0.3653836203125 0.7851515921875001 0.3649736328125 0.787349753125 0.3660761828125 0.7911948 0.365256209375 0.7955911203125 0.3669100328125 0.801358690625 0.366090059375 0.8057550125 0.368719021875 0.8258071593749999 0.3691567609375 0.8527294234375 0.3729381015625 0.8568466390625 0.37506561875 0.855196284375 0.37341179375 0.8494287140625 0.3739491921875 0.8367910249999999 0.37146151875 0.8208595624999999 0.3722814921875 0.816463240625 0.37117894375 0.81261819375 0.3713063546875 0.8021786656250001 0.36840869375 0.7884453640625 0.36881867968750004 0.7862472031250001 0.3638572078125 0.7689444921875
1 0.3892877515625 0.7887001875 0.40617227343750006 0.8493974921874999 0.406914665625 0.835660721875 0.3980942703125 0.8049003484374999 0.38046735625 0.7579398125 0.3602114796875 0.6909271312499999 0.354853896875 0.6903827953125 0.36329205781249996 0.75246175625 0.36713710312500003 0.75135920625 0.36534199218749996 0.741470953125 0.3664943703125 0.725536021875 0.3708269859375 0.731575759375 0.376481021875 0.754921678125 0.3892877515625 0.7887001875
1 0.1002053296875 0.709306525 0.10566824687500001 0.7483117375 0.10951329375 0.7472091875 0.10874315000000001 0.7318255312499999 0.1002053296875 0.709306525
1 0.092700678125 0.6178315 0.099315975 0.64090178125 0.0989476171875 0.6867805812500001 0.1055351609375 0.6807304359375 0.10475114062499999 0.6507865671874999 0.1404647859375 0.7227294984375 0.145617375 0.724372915625 0.1425147203125 0.7117386953125 0.10990372968749999 0.6524299828125 0.0995707984375 0.6200227234375 0.092700678125 0.6178315
0 0.67138021875 0.45189781250000005 0.659703790625 0.4510847765625 0.6484512265625 0.46263379374999997 0.654925234375 0.4815833890625 0.6729621359375 0.5263457640625 0.6888298921875 0.5290778546875 0.6917635078125 0.5084709640625 0.67138021875 0.45189781250000005
0 0.47224955937499996 0.568294678125 0.47352935 0.54192021875 0.456171134375 0.48864083750000004 0.4501846953125 0.4768335296875 0.43652203749999996 0.48179153281250003 0.43199830468749995 0.49141108750000007 0.45142033125000003 0.5482598765625 0.4684045125 0.5693972281249999 0.47224955937499996 0.568294678125
0 0.6378249921875 0.6269272296875 0.6440662546875 0.6178554796875 0.6326307734375 0.5816031734375 0.633026884375 0.5648447984375 0.6131090890625 0.5643143390625001 0.6292373421875 0.6241882015625 0.6378249921875 0.6269272296875
0 0.3343293203125 0.6296889578125 0.346471240625 0.6865446859375 0.3604164734375 0.6898280515625 0.363491375 0.6733418453125 0.35232459375 0.6307706937499999 0.3343293203125 0.6296889578125
0 0.0666633546875 0.5379124296875 0.054859515625 0.5475389234375 0.061474812499999996 0.5706092046875 0.0796530015625 0.6194922625 0.093046959375 0.6208531046875 0.0992383921875 0.6315613328125 0.0966870125 0.6208496359375 0.10299198125 0.606558121875 0.0984404953125 0.58705725 0.0797110328125 0.5362516671875001 0.0666633546875 0.5379124296875