1 0.2934104375 0.2637739375 0.398301728125 0.30468624843750003 0.4066434015625 0.30955106875 0.351460153125 0.3063794578125 0.27410759375 0.296152946875 0.273325421875 0.3010913890625 0.342620040625 0.31105411250000004 0.40510819375 0.3128515421875 0.4406649734375 0.318483184375 0.44295321875000004 0.3168206765625 0.44144714531249996 0.3135447421875 0.4300641890625 0.30870446406249996 0.37798049375 0.2923554953125 0.3492884515625 0.28173633124999997 0.286916840625 0.2536332671875 0.274155109375 0.251105775 0.2934104375 0.2637739375
1 0.2703347875 0.35832823125 0.26243328125 0.3570767546875 0.2278151078125 0.345518984375 0.22477382499999998 0.34554352499999996 0.22490112343750002 0.3511322453125 0.23295906562500002 0.3513960328125 0.2385723265625 0.354310015625 0.2599886 0.3597269515625 0.26362648593750004 0.362328065625 0.27350336875000003 0.3638924109375 0.3005329046875 0.372223328125 0.3108499546875 0.3774010171875 0.29975073124999996 0.3771617703125 0.2890916765625 0.3805358671875 0.281033734375 0.3802720796875 0.272662925 0.38198366875 0.26065422968749996 0.38109414375 0.2563906078125 0.3824437828125 0.22992853906250002 0.383314928125 0.22673082187500002 0.3843271578125 0.22701455468749998 0.3889281890625 0.2329406859375 0.389866796875 0.23933611875 0.3878423375 0.26200386875000004 0.38535776718750003 0.27993869375 0.3871858984375 0.2884659390625 0.3844866203125 0.3029193125 0.38272595 0.3190351953125 0.383253525 0.3215090109375 0.3740269203125 0.3187805984375 0.372076084375 0.3069283375 0.3701988703125 0.30329045312499997 0.36759775625 0.29143819375 0.3657205421875 0.2759480484375 0.3612422140625 0.2703347875 0.35832823125
1 0.3648247515625 0.516051553125 0.3868667640625 0.5175177359375 0.3107948171875 0.4928133078125 0.31107855 0.49741434062499995 0.3648247515625 0.516051553125
1 0.4339046640625 0.5401547828125 0.43559630781249997 0.5358666203125 0.4267853296875 0.533964865625 0.331439675 0.535063040625 0.295570025 0.5314067765625 0.28977119375 0.5360568890625 0.3326328796875 0.5403143499999999 0.4339046640625 0.5401547828125
1 0.20146059843750003 0.6653336796875 0.1971969765625 0.66668331875 0.18108109375 0.66615574375 0.168603096875 0.668229284375 0.162676965625 0.667290678125 0.1612981921875 0.6696034640625 0.165845546875 0.6728548578125 0.1926204859375 0.6700083343750001 0.2128435546875 0.670173959375 0.21710717812500002 0.6688243203125 0.22303330781250003 0.6697629265625 0.22729692968749998 0.6684132875000001 0.2312476828125 0.6690390265625 0.2333794953125 0.6683642062499999 0.24720713125 0.6705542890625 0.25131431875 0.6701923390625 0.252380225 0.6698549296875 0.24965181093750002 0.66790409375 0.23187342187499999 0.6650882734375 0.229741609375 0.6657630921875 0.2157575390625 0.6645606984375 0.2054113515625 0.66595941875 0.20146059843750003 0.6653336796875
1 0.262031646875 0.653665425 0.28589260156249996 0.6564321625 0.2924153328125 0.659996425 0.27673961875 0.66308219375 0.2667063 0.6625055375 0.2660805625 0.666456290625 0.32872515 0.6672660328125 0.32753194531249996 0.662014721875 0.258550196875 0.650076621875 0.2097915171875 0.6383041453125 0.178185490625 0.6332982421875 0.1646415859375 0.635709190625 0.22694416875 0.64507071875 0.262031646875 0.653665425
1 0.3015960921875 0.9216540515625 0.340976328125 0.9223227109375 0.3175846765625 0.91659290625 0.30222183125 0.9177032984375 0.3015960921875 0.9216540515625
1 0.368689871875 0.9135500578125001 0.36348764375 0.9208258265625 0.408979578125 0.9148689953125 0.4326840984375 0.918623421875 0.4296719515625 0.9120715546874999 0.39624698281250004 0.90576509375 0.33340606875 0.88062509375 0.320487903125 0.8790852906250001 0.3227470140625 0.8839991906250001 0.3985060921875 0.9106789953125001 0.368689871875 0.9135500578125001
0 0.5290876203125 0.33552535 0.526857646875 0.324035040625 0.46822208437499996 0.3106982203125 0.4481263125 0.316121315625 0.45277183125000003 0.3315378375 0.49939869843749995 0.343985134375 0.51899603125 0.34810151093749997 0.5290876203125 0.33552535
0 0.5168122140625 0.5664480953125001 0.5258087625 0.560785753125 0.5290647500000001 0.5466207062499999 0.5166158875 0.5421178375 0.461618209375 0.53138213125 0.43559630781249997 0.5358666203125 0.4349705703125 0.5398173734375 0.4580202171875 0.5540989625 0.5168122140625 0.5664480953125001
0 0.41942664531249996 0.3758672703125 0.402841459375 0.3783027609375 0.3654657375 0.3713705625 0.35722222656249997 0.378670871875 0.36098740937499996 0.38686070781250004 0.4223805203125 0.39557195625 0.41942664531249996 0.3758672703125
0 0.344586434375 0.6566161671875 0.3285978515625 0.6616773125 0.3335562390625 0.6751184578125 0.3914679 0.680240903125 0.38820115624999996 0.6625115953125 0.344586434375 0.6566161671875
0 0.43262582656250004 0.9317762390625 0.4833598828125 0.943861584375 0.507064403125 0.9476160124999999 0.5151806156250001 0.9347269828125 0.5152388875 0.9215741640624999 0.46252945468749995 0.9091759500000001 0.442619253125 0.9070349500000001 0.42920264843749995 0.91503461875 0.418259859375 0.9138076843749999 0.429642815625 0.9186479625 0.43262582656250004 0.9317762390625