0 0.0256265625 0.57946875 0.047596875 0.588421875 0.052071875000000004 0.515978125 0.032803125 0.5089750000000001 0.0256265625 0.57946875
0 0.3075703125 0.597375 0.325878125 0.590865625 0.3234359375 0.5273749999999999 0.306240625 0.5304593750000001 0.3075703125 0.597375
0 0.39666875 0.6926125 0.41538281250000003 0.698309375 0.42067187500000003 0.635634375 0.399990625 0.6271375 0.39666875 0.6926125
1 0.040273437499999995 0.46714062500000003 0.0447484375 0.4655125 0.0593953125 0.38818437499999997 0.0740421875 0.29295 0.0740421875 0.2457375 0.06956562499999999 0.23596875 0.0716 0.27666875 0.06265 0.30841562499999997 0.0512578125 0.39388125 0.040273437499999995 0.450859375 0.028068749999999996 0.375975 0.01993125 0.29376250000000004 0.0201078125 0.245303125 0.01545625 0.246553125 0.0122015625 0.264459375 0.017490625000000003 0.32876249999999996 0.028881250000000004 0.40609062500000004 0.040273437499999995 0.46714062500000003
1 0.1773796875 0.426440625 0.1692421875 0.390625 0.165615625 0.394715625 0.18836406249999998 0.5249312500000001 0.1924328125 0.554234375 0.197315625 0.554234375 0.1969078125 0.492371875 0.19324687499999998 0.51109375 0.1773796875 0.426440625
1 0.3189609375 0.4931875 0.321809375 0.402021875 0.318146875 0.40609062500000004 0.3153 0.456559375 0.2937375 0.370275 0.2803109375 0.31818124999999997 0.2713609375 0.26934375 0.263759375 0.2824125 0.2713609375 0.316553125 0.28071718749999997 0.343415625 0.29495781249999997 0.40771875 0.3116375 0.48016249999999994 0.31570624999999997 0.495628125 0.3189609375 0.4931875
1 0.42297031250000006 0.5102156250000001 0.42562812499999997 0.47300312499999997 0.42217343749999997 0.47087812500000004 0.412609375 0.5437031250000001 0.40596718750000005 0.571878125 0.3852421875 0.4342 0.37984062500000004 0.43379375 0.389228125 0.5107468749999999 0.40304375 0.58623125 0.40729531249999995 0.58623125 0.414734375 0.5612468749999999 0.42297031250000006 0.5102156250000001
0 0.5133062500000001 0.695203125 0.5297796875 0.69254375 0.524996875 0.628225 0.5086671875000001 0.6321375 0.5133062500000001 0.695203125
1 0.534296875 0.48682499999999995 0.534296875 0.45599375000000003 0.5305765625000001 0.45652499999999996 0.524465625 0.49905 0.5196828124999999 0.555396875 0.5170265625 0.5649656249999999 0.5125093749999999 0.5437031250000001 0.5079921875 0.49214062500000005 0.5026796874999999 0.45174062499999995 0.4952734375 0.44846250000000004 0.5029453125 0.5282875 0.513571875 0.57931875 0.5151671875 0.58623125 0.5194171875 0.57613125 0.5271234375 0.523503125 0.534296875 0.48682499999999995
1 0.7944046874999999 0.584846875 0.7962640624999999 0.5619875000000001 0.80184375 0.513615625 0.80290625 0.41101875000000004 0.7986546875 0.4003875 0.7967953125 0.45780000000000004 0.7944046874999999 0.535409375 0.7898875000000001 0.56251875 0.7856359375 0.544446875 0.775009375 0.47746875 0.7599421875 0.425503125 0.755878125 0.41793125 0.763584375 0.47055625 0.7813859375 0.553484375 0.78935625 0.584315625 0.7944046874999999 0.584846875
0 0.779790625 0.69169375 0.801578125 0.6932875000000001 0.8026406250000001 0.62418125 0.7816265625 0.624484375 0.779790625 0.69169375
0 0.6509296875 0.63003125 0.66873125 0.63109375 0.668996875 0.564115625 0.65184375 0.564534375 0.6509296875 0.63003125
1 0.6530546875 0.476934375 0.6578375000000001 0.524246875 0.6626203125 0.524246875 0.6671375 0.497134375 0.6721859375 0.46790000000000004 0.67909375 0.4104875 0.68175 0.381784375 0.6796249999999999 0.358925 0.6756390624999999 0.364240625 0.6743109375 0.384440625 0.666871875 0.46630312500000004 0.6620890625 0.504046875 0.6514609375 0.42909375 0.64375625 0.3780625 0.635253125 0.3557375 0.631003125 0.310021875 0.6272890624999999 0.30943125 0.6270171875 0.33713125 0.631534375 0.3679625 0.6392390625 0.3881625 0.646678125 0.445040625 0.6530546875 0.476934375
1 0.9049328125 0.537003125 0.9158265625 0.49075625 0.9378781249999999 0.384440625 0.9413328125 0.350421875 0.9400046874999999 0.3275625 0.937346875 0.32596875000000003 0.9354875 0.344571875 0.925921875 0.39932500000000004 0.911575 0.46896250000000006 0.9012125 0.52105625 0.8948359375000001 0.48278437500000004 0.8798406249999999 0.376396875 0.87464375 0.3700875 0.8783640625 0.41261562500000004 0.8865999999999999 0.48065625 0.8996187499999999 0.5359406250000001 0.9049328125 0.537003125
0 0.8844749999999999 0.647040625 0.9065265625000001 0.6528875000000001 0.912903125 0.584315625 0.8900453125000001 0.578565625 0.8844749999999999 0.647040625