0 0.03995909375 0.41804980468749997 0.060086142187500004 0.41414719531250005 0.0669989375 0.3418953046875 0.0438985375 0.3473012875 0.03995909375 0.41804980468749997
0 0.3133910203125 0.4396049859375 0.329892128125 0.4453413265625 0.3422363703125 0.38301441875000003 0.325172246875 0.3737212125 0.3133910203125 0.4396049859375
0 0.42111059375000004 0.3587828609375 0.44286642656249997 0.35362585625 0.4474470109375 0.2908950984375 0.4280721625 0.2935943109375 0.42111059375000004 0.3587828609375
1 0 0.6040414265625 0.014477221874999998 0.5486717343749999 0.038246146875 0.47661854375 0.04018194375 0.5346135078125 0.0380641046875 0.620809040625 0.041937610937499994 0.653565146875 0.0335613984375 0.693445815625 0.039511017187500004 0.6844976234375 0.0468966796875 0.6378663890625 0.0473280703125 0.54151323125 0.04495830625 0.46284586718750004 0.0407930953125 0.4605377421875 0.019990840625 0.5190539843749999 0 0.5829247093750001 0 0.6040414265625
1 0.196100925 0.42662509374999996 0.153262346875 0.551678909375 0.1562043453125 0.556286490625 0.1698444578125 0.5221848015624999 0.19875895937500002 0.441056071875 0.19944607812499998 0.4601201453125 0.20952629687500002 0.399083071875 0.20470359999999999 0.39831923125 0.196100925 0.42662509374999996
1 0.32012411875 0.47840787812499996 0.3172913 0.47548815624999996 0.3108532859375 0.49012688125 0.2830462546875 0.55906945 0.2589217296875 0.6203531718749999 0.24547845000000001 0.645421309375 0.23262970468750002 0.6779524609375 0.23809327656249998 0.692049459375 0.25457295625 0.64521331875 0.2759834734375 0.59586130625 0.310778353125 0.514012353125 0.3056951265625 0.5643050984375 0.3086760421875 0.568896696875 0.32012411875 0.47840787812499996
1 0.4219262 0.4003281921875 0.41772698124999996 0.3996631 0.3922730921875 0.47205689843750004 0.370963046875 0.5465940734375 0.376361659375 0.547037815625 0.41836910312500003 0.41429684062499994 0.42052197343750003 0.4431640265625 0.418575946875 0.5165885796875 0.42232052500000006 0.5150301734375 0.42551675156249996 0.47786004843749996 0.4253652578125 0.42616869375000005 0.4219262 0.4003281921875
0 0.5292313390625 0.370845178125 0.54474793125 0.3772640359375 0.559533528125 0.314485353125 0.543678925 0.30928170625 0.5292313390625 0.370845178125
1 0.5233991265625 0.547722978125 0.5269905296874999 0.5488296734375 0.5318136 0.5183780078125 0.5304662015625 0.481029278125 0.53108768125 0.42784356875 0.52846999375 0.41720307031250004 0.52581296875 0.4237809046875 0.507334190625 0.4725215140625 0.48726938750000004 0.550163590625 0.4950972671875 0.5480844171875 0.5066643140625 0.5090128671875 0.5191920390625 0.45879182968750004 0.5269798 0.4384977515625 0.528106465625 0.4483642234375 0.5240158 0.5047655703125 0.5233991265625 0.547722978125
1 0.80025750625 0.533770771875 0.8023135421875001 0.48512157968749997 0.8040530531250001 0.4622527703125 0.7989836640625 0.4619877296875 0.786288409375 0.491192565625 0.755733196875 0.5703149296875 0.739889459375 0.6210865046875 0.7450879890625 0.6142436124999999 0.7680988890625 0.565274796875 0.7890723078125 0.5007836453125 0.796098590625 0.48359935624999995 0.7963193234375 0.5110816125000001 0.7865397359374999 0.5881094640625 0.779394925 0.6451059906250001 0.7852572375 0.6352707203125 0.80025750625 0.533770771875
0 0.79763291875 0.421104334375 0.81834084375 0.42469105156250003 0.828102025 0.356269403125 0.806333446875 0.354435215625 0.79763291875 0.421104334375
0 0.6600697015625 0.4600137453125 0.6769461359375 0.46311068125 0.6871614687500001 0.3969156140625 0.6694128609375001 0.3951802546875 0.6600697015625 0.4600137453125
1 0.652239209375 0.6615639546875001 0.6553445265625 0.6674376734374999 0.6610193578125 0.6451921578125 0.66288596875 0.6164268875000001 0.665044496875 0.5586406109375 0.664631478125 0.528976409375 0.6644112328125 0.501491065625 0.6596873046875 0.50074286875 0.647562071875 0.5467246765625 0.6362747328125 0.5772282484375 0.620029559375 0.6322423828125 0.609259753125 0.650988409375 0.599975109375 0.68073343125 0.595910403125 0.708134928125 0.5996711328125001 0.7081325828125 0.6110203078125 0.6636446390625 0.62291114375 0.6429246796875 0.6385040203125001 0.5937269875 0.6607265484375 0.5213592640625 0.6595460531249999 0.5593865234375001 0.6540874109375 0.6414048859375 0.652239209375 0.6615639546875001
1 0.9125000999999999 0.7167762328125 0.91440965 0.6826358781249999 0.9092610062500001 0.57417955 0.90573598125 0.5267978921875 0.9003211328124999 0.527016009375 0.8788142828125001 0.5795831609375 0.8600358453125001 0.6454977078125 0.8497084718749999 0.68692025625 0.8558283671875 0.6815015296875 0.887281734375 0.5787696203125 0.8995668312499999 0.54196645 0.90165249375 0.5950398921875 0.9049290296875 0.666064384375 0.9058116109375 0.7216398015625 0.9047379234375 0.7403047609375 0.90761233125 0.7391464062499999 0.9125000999999999 0.7167762328125
0 0.8975335796874999 0.483418178125 0.9210094718749999 0.4813147203125 0.9254384203124999 0.4125895640625 0.9027436968749999 0.41491482968750004 0.8975335796874999 0.483418178125