0 0.4845115046875 0.0329736875 0.49251348124999994 0.051849514062500004 0.5646237453125 0.043589234375 0.554533053125 0.0221176015625 0.4845115046875 0.0329736875
0 0.52027705 0.3049120453125 0.518096834375 0.322245215625 0.5816282625 0.3213612140625 0.587170559375 0.30273781718750004 0.52027705 0.3049120453125
0 0.6217291765625 0.393473821875 0.6312967796875 0.4136820375 0.693609078125 0.4051200671875 0.6869405921875 0.386729803125 0.6217291765625 0.393473821875
1 0.2237930484375 0.08793301875000001 0.2709408453125 0.0854621078125 0.36527814687500004 0.0658511234375 0.4417337375 0.047177279687500004 0.443125428125 0.042623203124999995 0.381562875 0.0344417390625 0.3037445859375 0.027113765625 0.239252778125 0.025197317187500002 0.2215414046875 0.029384684374999998 0.2205365609375 0.0340952921875 0.268920284375 0.0313828046875 0.3514459984375 0.0352064828125 0.426866490625 0.0434752984375 0.37054133125 0.057426624999999995 0.28578905468750004 0.073276125 0.25455409375000004 0.0838753625 0.21380340156250002 0.0839738484375 0.2237930484375 0.08793301875000001
1 0.5085873171874999 0.1874863484375 0.3773595875 0.1715840453125 0.37346436875 0.175419725 0.40965679374999997 0.18167162812499998 0.49502432812499997 0.1930866671875 0.47651970937500004 0.19772241562499998 0.538318771875 0.19489203593749999 0.5380632265624999 0.1900159140625 0.5085873171874999 0.1874863484375
1 0.48372198437499997 0.319565584375 0.48598892656250003 0.316187625 0.47033155468750004 0.312933859375 0.39711413906250004 0.30006844374999997 0.3321538421875 0.2892127 0.3048384890625 0.281275146875 0.2703468171875 0.275470784375 0.2576938125 0.2837458953125 0.3069327890625 0.290127671875 0.3596578390625 0.3008094578125 0.44695245781250004 0.31782663125 0.3967018671875 0.32331093593750004 0.3928303734375 0.3271813578125 0.48372198437499997 0.319565584375
1 0.581261284375 0.40290936562499996 0.581038775 0.3986636296875 0.5049347953125001 0.3888174859375 0.427595828125 0.3834702671875 0.4282842171875 0.388843165625 0.5668583218750001 0.4023342453125 0.539069559375 0.4104418953125 0.4668449078125 0.42380421718749994 0.4691478 0.42714295625 0.506170203125 0.422541234375 0.5567004796874999 0.4116458140625 0.581261284375 0.40290936562499996
0 0.632410015625 0.5017397671875 0.6293575078125 0.5182518390624999 0.6938384234375 0.5196619140625 0.6956320015624999 0.503071871875 0.632410015625 0.5017397671875
1 0.458184834375 0.5328099640625 0.45784901875 0.5365529812500001 0.48863801562500003 0.5349393984375 0.5248904453125001 0.5258562078125 0.5770431312500001 0.5154061750000001 0.5869068625 0.51063340625 0.57992034375 0.509402053125 0.528402878125 0.5014608234375 0.44828576093750006 0.4979771796875 0.45194700625 0.5052017156249999 0.49256967500000004 0.5083925625 0.5442979218749999 0.5102049859375 0.56576769375 0.513603190625 0.556351075 0.5167565890625 0.500331734375 0.524481815625 0.458184834375 0.5328099640625
1 0.529394246875 0.800717496875 0.5774078109375 0.7926138671875 0.600138546875 0.7895606734375 0.599343809375 0.7845469578125 0.568137678125 0.7782011515625 0.48439154218749997 0.7647641078125 0.43143534843750003 0.7598226 0.43920954375 0.7634848109375 0.49189250625 0.775811678125 0.5593349921875 0.7829183140625 0.577604609375 0.786218240625 0.5507687984375 0.7921480328125 0.47339089999999995 0.7985971421875 0.41615439375 0.8034587078125 0.426993584375 0.807148046875 0.529394246875 0.800717496875
0 0.63905296875 0.77472559375 0.63985005 0.795726721875 0.7088059859375 0.7910489359375 0.70607415 0.76937470625 0.63905296875 0.77472559375
0 0.5723928203125 0.6482581859375001 0.5728723703124999 0.66540971875 0.6397448015625 0.6616390921875 0.637752096875 0.643917534375 0.5723928203125 0.6482581859375001
1 0.3736189171875 0.6825034515625 0.36851918437500003 0.686762125 0.39145844531249996 0.6876878453125 0.41998321718750004 0.68353303125 0.4769555078125 0.673629946875 0.5058856031250001 0.66705841875 0.532724534375 0.6611284640624999 0.532474221875 0.65635220625 0.4849762484375 0.6540520921875 0.452792484375 0.649353459375 0.395602978125 0.6449013625 0.37502742968749997 0.6382644203125001 0.344002021875 0.63536700625 0.3163542125 0.6370882156250001 0.3171384078125 0.6407662765625 0.3630138078125 0.64261788125 0.38575323125 0.649940953125 0.437117778125 0.6549643125 0.512524415625 0.6616551281249999 0.4750827046875 0.6684067406249999 0.39372172499999997 0.6801199609374999 0.3736189171875 0.6825034515625
1 0.373724440625 0.9485562953125 0.407515765625 0.9433259390625001 0.5125315984375 0.9157404671875 0.5581449593750001 0.902441271875 0.5568057984375 0.8971901000000001 0.500915840625 0.8870825515625 0.43253742656250005 0.8824188718749999 0.3898728796875 0.880929409375 0.396445590625 0.8857889546875001 0.503472084375 0.8951958250000001 0.5420252328124999 0.8995606531250001 0.49054520625000003 0.9126353281249999 0.42175399999999996 0.9306070859375 0.3675765390625 0.9430251593750001 0.3490962203125 0.9458555984375 0.3508268859375 0.9484263578125001 0.373724440625 0.9485562953125
0 0.5988713484375 0.8853989625 0.605809753125 0.9079245171875 0.6739539296875 0.89796791875 0.666960978125 0.876252578125 0.5988713484375 0.8853989625