0 0.1609375 0.5671875 0.02890625 0.02578125
1 0.163037109375 0.544453125 0.16332226562500002 0.5097994796875 0.174171875 0.478953125 0.180166015625 0.4458229171875 0.18130859375 0.4126927078125 0.1773125 0.41116927031249995 0.176740234375 0.4465833328125 0.169888671875 0.47857291718750006 0.1621796875 0.5059895828125 0.153615234375 0.478953125 0.146763671875 0.44163281249999997 0.140892578125 0.4085286453125 0.137626953125 0.4130729171875 0.143908203125 0.4614348953125 0.156470703125 0.5006588546875 0.15875390625000002 0.5128463546875001 0.159611328125 0.5436901046875 0.163037109375 0.544453125
0 0.285900390625 0.5719401046875 0.31311132812500003 0.5765651046875 0.316845703125 0.5513020828124999 0.29174609375 0.5469557296875001 0.285900390625 0.5719401046875
0 0.47783789062500004 0.5739348953125 0.494376953125 0.5717994796875 0.4919765625 0.53728125 0.47553124999999996 0.5371380203125 0.47783789062500004 0.5739348953125
1 0.30126953125 0.40697916718749994 0.300201171875 0.42726302031249996 0.3023359375 0.4984296875 0.302603515625 0.5236927078125 0.3058046875 0.5236927078125 0.30900585937499997 0.5066145828125 0.317810546875 0.4831276046875 0.3274140625 0.4521692703125 0.3236796875 0.4493229171875 0.322802734375 0.45218229218749995 0.30847265625000003 0.49985156249999996 0.307671875 0.49486979218749994 0.3060703125 0.4653359375 0.30366992187499997 0.428328125 0.30340429687500003 0.4066223953125 0.30126953125 0.40697916718749994
1 0.48146289062500003 0.49713802031250004 0.481677734375 0.5165598953125 0.485103515625 0.5168437499999999 0.484888671875 0.4919973953125 0.48703124999999997 0.45286979218749995 0.48703124999999997 0.4148828125 0.482748046875 0.4131692703125 0.48125 0.4377317703125 0.48210546875000004 0.4620078125 0.48125 0.4851432296875 0.47568164062499996 0.47571874999999997 0.45898046875 0.44430208281250005 0.447208984375 0.40782291718749997 0.445275390625 0.4083151046875 0.4446328125 0.41802604218750006 0.44763085937499997 0.42802083281250003 0.464546875 0.46857812499999996 0.47717968749999995 0.48971093750000005 0.48146289062500003 0.49713802031250004
0 0.59537890625 0.5445494796875 0.622359375 0.5445494796875 0.62214453125 0.5202708328125001 0.59677734375 0.5195286453125 0.59537890625 0.5445494796875
1 0.610796875 0.4985651046875 0.6155078125 0.4991380203125 0.6157207031249999 0.48600000000000004 0.620861328125 0.47029166718750004 0.629853515625 0.44201562499999997 0.63670703125 0.41174218749999997 0.641630859375 0.392890625 0.637134765625 0.3900364578125 0.63520703125 0.39517708281249997 0.628140625 0.42345052031249997 0.619361328125 0.4580104171875 0.6137949218750001 0.4734322921875 0.608013671875 0.42802083281250003 0.6078281249999999 0.3999427078125 0.6039453124999999 0.39717708281249997 0.6045859375 0.4254505203125 0.6082265625 0.4557239578125 0.611439453125 0.48257291718750006 0.610796875 0.4985651046875
0 0.725220703125 0.5606588546875 0.75476953125 0.5606588546875 0.7539140625 0.5346666671875 0.7260429687500001 0.5356328125 0.725220703125 0.5606588546875
1 0.735712890625 0.50325 0.742564453125 0.5026796874999999 0.74320703125 0.4923984375 0.7500585937500001 0.48097395781249996 0.754984375 0.45641145781250003 0.7581953125 0.43042187500000006 0.7596953125 0.4021458328125 0.75583984375 0.39700520781250004 0.753056640625 0.43784635468750005 0.74577734375 0.4746901046875 0.7391386718749999 0.4886848953125 0.733357421875 0.458125 0.72586328125 0.42528125 0.7270703125 0.40542447968750006 0.724150390625 0.4061458328125 0.7220078125 0.428421875 0.728646484375 0.45469791718749997 0.735498046875 0.49182812499999995 0.735712890625 0.50325
0 0.88003515625 0.5877916671875 0.90680078125 0.5886484375000001 0.90680078125 0.5635130203125 0.87972265625 0.5633880203125 0.88003515625 0.5877916671875
1 0.893525390625 0.5095338546875 0.8948105468750001 0.5229583328125 0.895451171875 0.538953125 0.8984492187500001 0.5395234375 0.89951953125 0.5286692703125 0.901662109375 0.5178177078124999 0.9023046875 0.5018229171875 0.9044453125 0.4881145828125 0.90894140625 0.46754947968750005 0.90915625 0.45298437500000005 0.910654296875 0.42442447968749997 0.9072285156250001 0.4241380203125 0.907015625 0.4481302078125 0.9003769531250001 0.4921119796875 0.897806640625 0.5121041671875 0.891169921875 0.48354427031249997 0.8808906249999999 0.4364192703125 0.8738125 0.4030260421875 0.87146875 0.4024322921875 0.872541015625 0.41585677031249996 0.8813203125 0.45755468749999995 0.88795703125 0.4852578125 0.893525390625 0.5095338546875