0 0.54921875 0.8421875 0.0265625 0.0296875
1 0.48267901718750006 0.843092984375 0.4949693078125 0.8414507546875001 0.5258156625 0.84220874375 0.526756928125 0.8388275921874999 0.49216569843749997 0.8367291937499999 0.4619294421875 0.8242800812500001 0.429158346875 0.816560253125 0.396133340625 0.813685340625 0.3944028515625 0.8175962265625 0.42973842968750003 0.8200211375 0.461325590625 0.828537515625 0.488301225 0.8376708125000001 0.46085359062500003 0.8448085484375 0.4232258421875 0.849697528125 0.3898597734375 0.8538280374999999 0.39422690781249997 0.857327015625 0.44285134218750005 0.8535854437499999 0.48267901718750006 0.843092984375
0 0.5416462203125 0.685588234375 0.5359922109374999 0.7104259749999999 0.56063640625 0.717571246875 0.566679178125 0.6906396546875 0.5416462203125 0.685588234375
0 0.53681024375 0.5099635921875 0.535806528125 0.5263788703125 0.5726736953125 0.526001190625 0.57140679375 0.509373034375 0.53681024375 0.5099635921875
1 0.3964613421875 0.6914392687500001 0.3967059 0.69358978125 0.416906040625 0.6957182515625 0.48808690156249995 0.6973109875 0.5133293046875 0.698365940625 0.513496840625 0.6951691546875 0.49660965625 0.6910785703125 0.47361566875000005 0.6810567359374999 0.4432023703125 0.669846146875 0.4401644765625 0.6734264375000001 0.44297403593749995 0.6744518375 0.489828 0.69125709375 0.484811146875 0.6917960515625 0.4552339484375 0.6918497375 0.4181512265625 0.6923099984375 0.3964613421875 0.6914392687500001
1 0.415240690625 0.5510011234375 0.42537868906250004 0.548530271875 0.4667657140625 0.53376004375 0.48853071562499994 0.52225055 0.4961717859375 0.5183619203125 0.5155782875 0.5191638328125 0.51604104375 0.515757603125 0.49121749687499994 0.5146717953125 0.45225565 0.510484371875 0.41432073125 0.5084962875000001 0.412385371875 0.512683940625 0.43683580781250003 0.5154654359374999 0.4611233515625 0.5158816500000001 0.484182290625 0.5179467609375 0.47447930156250007 0.52301425 0.44223161875 0.5380483109374999 0.405186375 0.5478944921875 0.40557669062499996 0.54985119375 0.415240690625 0.5510011234375
0 0.526635603125 0.37908375625 0.5245668171875 0.40437733593749997 0.549480171875 0.40708334687500003 0.5508922203125 0.380139853125 0.526635603125 0.37908375625
1 0.40275807500000005 0.3908158046875 0.4310262921875 0.391655775 0.46144877656250005 0.38960452968750003 0.48842909062500006 0.3878012078125 0.50436573125 0.389279871875 0.5051844140624999 0.38460537499999997 0.492075540625 0.383705184375 0.47665777499999995 0.37774949375 0.44889109843749997 0.3672897765625 0.41901783437500006 0.3588612640625 0.4004498015625 0.35295756875 0.3973642375 0.357298125 0.40239692812500005 0.3594922578125 0.43026179062500003 0.368028696875 0.46431485156249996 0.3786046875 0.47942426875 0.384970584375 0.43377247656250006 0.38836725781250003 0.4057231203125 0.38708305625 0.40275807500000005 0.3908158046875
0 0.54790799375 0.24824823125 0.547414153125 0.2761316921875 0.5723628640625 0.27826259375 0.57390933125 0.24875426093750003 0.54790799375 0.24824823125
1 0.41800558125 0.2712448515625 0.44013896093750005 0.27455033125 0.46672643437500005 0.269295940625 0.5041643390625 0.26439701250000003 0.5155818062499999 0.2647802375 0.5153708578125 0.2579082171875 0.505137328125 0.256728440625 0.49408708749999997 0.24928835624999998 0.46981604531250004 0.24308382343749999 0.444030128125 0.23851709687499997 0.41587134062500003 0.23553929999999998 0.41053598124999996 0.23912044531249999 0.4511754953125 0.24403729375 0.4875877828125 0.25323486875 0.501215953125 0.26059687187499997 0.470395371875 0.26477081875 0.4372044203125 0.2705357796875 0.41743803437500004 0.2682911796875 0.41800558125 0.2712448515625
0 0.5847162859374999 0.0970807390625 0.583174296875 0.12411521249999999 0.6075608546875 0.1250803296875 0.60981725625 0.0983962265625 0.5847162859374999 0.0970807390625
1 0.5329071703125 0.1033720234375 0.504039075 0.10850493593749999 0.45644068125 0.11630381406250001 0.4227227765625 0.121624571875 0.422007178125 0.1239340359375 0.4354693765625 0.12356582187500001 0.47756962031250005 0.1169808578125 0.50558211875 0.111803103125 0.5301163171875001 0.1075128859375 0.54358965625 0.1069320734375 0.55959605625 0.10712942968750001 0.5603224921875001 0.1041653390625 0.5495392171875 0.1025284296875 0.5388146593750001 0.0998208609375 0.52287541875 0.0983420609375 0.509297903125 0.09548693124999999 0.4889962921875 0.08992070468749999 0.4744623921875 0.0889438765625 0.44602003906250004 0.0859531734375 0.44555467968749995 0.08935926718750001 0.46950284531250003 0.09082752031249999 0.5130769 0.09975892187499999 0.5329071703125 0.1033720234375