0 0.5046875 0.1546875 0.0296875 0.0328125
1 0.5707793 0.163840659375 0.558383421875 0.1635400453125 0.5280354125 0.157965953125 0.52657680625 0.1611582328125 0.5604139 0.16864205625 0.5883304265625 0.1856678921875 0.6194904078125 0.19841920468750002 0.6516590875 0.20642497187500003 0.6539800687499999 0.20283294375 0.61945886875 0.1949101859375 0.5895928546875 0.1815573375 0.564378096875 0.16831656718750002 0.5926043921875 0.1655604640625 0.6305336859375 0.166617953125 0.6641351171875 0.16775790156249998 0.6603691109375001 0.1636188296875 0.6117580125 0.1597078 0.5707793 0.163840659375
0 0.48789891093750004 0.3101817609375 0.4973687875 0.286534296875 0.47414577031249994 0.2756217921875 0.463964365625 0.3012765140625 0.48789891093750004 0.3101817609375
0 0.46520160156249996 0.48440068593749996 0.4687608734375 0.46834452187500003 0.432288521875 0.46295025624999997 0.4309386078125 0.4795718796875 0.46520160156249996 0.48440068593749996
1 0.6322116249999999 0.3271146796875 0.6323064921875 0.3249523875 0.6126880140625001 0.3196901234375 0.5426326671874999 0.3069818578125 0.517866071875 0.30199111093750003 0.5172005109375 0.30512232968749997 0.5332398765625 0.311804290625 0.5543830109375001 0.3252997921875 0.582668146875 0.341130046875 0.586228721875 0.3380690671875 0.5836141593749999 0.33661677968750003 0.5399659671875 0.31268885 0.545005365625 0.3129413359375 0.5742268187499999 0.3175152046875 0.6109249906249999 0.3228616265625 0.6322116249999999 0.3271146796875
1 0.591694115625 0.4628860625 0.58129440625 0.46374056093749993 0.5381063515625 0.4718545859375 0.51480883125 0.47981758281250003 0.5066535203125 0.482463009375 0.487611390625 0.47863512343750003 0.4866214796875 0.48192702656249997 0.51096955 0.48688272499999996 0.5487966546874999 0.49711356875 0.585953528125 0.50501150625 0.588520153125 0.5011781671875 0.5648058640625 0.49460602500000006 0.54088245 0.4903955265625 0.5184304578125001 0.484748628125 0.5288067171875 0.48126141093749997 0.5630092234374999 0.4714570921875 0.6011386609375 0.4675272875 0.601059246875 0.46553361562499995 0.591694115625 0.4628860625
0 0.4547768578125 0.6152608374999999 0.4607769609375 0.5906022921875 0.43659364375000004 0.584032290625 0.43098408906249996 0.6104231718750001 0.4547768578125 0.6152608374999999
1 0.57896454375 0.6230519453125 0.5511757562499999 0.6178001921875 0.5208069375 0.6150670593750001 0.49387669375 0.612627528125 0.47836757343749997 0.6086740296875 0.47682771874999996 0.6131629046875 0.48963437968749995 0.6161026921875 0.5039306515625 0.624396928125 0.5297192140625 0.639071534375 0.557906178125 0.6520694859375 0.5753220671875 0.6608051765625 0.5790486546875 0.6570007484375 0.5744211625 0.6540463437499999 0.5482347562500001 0.6412559765625 0.5162553937500001 0.625483121875 0.5023278453125 0.6168319671875 0.5479489453124999 0.620618625 0.575452071875 0.626274903125 0.57896454375 0.6230519453125
0 0.41329918125000004 0.7411578249999999 0.41814887343749996 0.713694909375 0.39384067031250003 0.7076874046875 0.3876971234375 0.7365905203125 0.41329918125000004 0.7411578249999999
1 0.5451997421875 0.7387655453125 0.5238559515625 0.7320383374999999 0.49677384687500004 0.7330688421875 0.459030503125 0.732050878125 0.44781355468750006 0.7298862859375 0.44694688437499996 0.7367066999999999 0.456869865625 0.739472828125 0.466620171875 0.74854995 0.48962179531250005 0.758474921875 0.5143758515625 0.76701923125 0.5417221265625 0.774365371875 0.5475520140625 0.77166295 0.5081820046875001 0.760449215625 0.4736568296875 0.7456687421875 0.46134811718749996 0.7362654609375 0.4924421953125 0.7369643046875 0.52612635 0.736462528125 0.5452982453125 0.7417716375000001 0.5451997421875 0.7387655453125
0 0.353296253125 0.8847061093749999 0.35904838125 0.8582456953125 0.3351130390625 0.8534775625 0.3287101046875 0.8794801609375 0.353296253125 0.8847061093749999
1 0.40545168593750003 0.8865970125 0.4347673328125 0.886043259375 0.482999725 0.8857864281250001 0.5171348546875 0.8858058203124999 0.5182029234375001 0.883636734375 0.504848865625 0.8818944625 0.4622368296875 0.881812425 0.4337592328125 0.8825443125 0.40885595312499995 0.8829437171875 0.3954576328125 0.8814096828125001 0.379679171875 0.8787108046875 0.37849799375000004 0.8815247625 0.388892440625 0.88482839375 0.399061403125 0.88918031875 0.4145730703125 0.8931343593750001 0.42753678281249996 0.8980783296875 0.44671770000000005 0.9067518984375 0.46091985312499995 0.909990303125 0.48854418437499997 0.9173935500000001 0.48953664375 0.9141021874999999 0.46611300624999996 0.9089056937500001 0.4244725984375 0.8932677671875 0.40545168593750003 0.8865970125