0 0.7052144328125001 0.301390715625 0.73564206875 0.30441054843750004 0.7388052671875001 0.282546184375 0.7137212749999999 0.2780183609375 0.7052144328125001 0.301390715625
0 0.5621098390625 0.1537949484375 0.586377996875 0.158965478125 0.593529640625 0.136458396875 0.565658665625 0.1240160203125 0.5621098390625 0.1537949484375
0 0.64158896875 0.6119545609375 0.6771025078124999 0.6254974296875 0.6881265734374999 0.590916434375 0.6598862875 0.5794887265625001 0.64158896875 0.6119545609375
0 0.105392175 0.3292945703125 0.13629455937499999 0.34858571562499996 0.14781176406250002 0.324016534375 0.1135297078125 0.306936884375 0.105392175 0.3292945703125
0 0.257519878125 0.43875079375 0.28790350625 0.450958615625 0.2972251140625 0.41867880625 0.268960659375 0.40954047187500003 0.257519878125 0.43875079375
1 0.8613628500000001 0.5400003718749999 0.825835778125 0.639844115625 0.8337519046875 0.6381233484375 0.868786878125 0.5507574171875 0.8806515921875 0.5493247328125 0.8838446718749999 0.6317153796875 0.8919777546875001 0.631698146875 0.8900226015625 0.545829665625 0.8613628500000001 0.5400003718749999
1 0.691179696875 0.3733391484375 0.7117171609375 0.332484653125 0.709353309375 0.4273833015625 0.7168321234375 0.42525430000000003 0.7161561453124999 0.32028864218750003 0.7121850890625 0.3222962140625 0.6883425562500001 0.37000834375 0.691179696875 0.3733391484375
1 0.567849778125 0.189207596875 0.565009415625 0.305816378125 0.57267070625 0.30949356093749997 0.5717303874999999 0.2964943890625 0.57813235625 0.167636303125 0.574556596875 0.1663348328125 0.548615659375 0.2086755421875 0.5157966593750001 0.2899421859375 0.5200643953124999 0.293799346875 0.5535476859374999 0.2173764875 0.567849778125 0.189207596875
1 0.66608450625 0.8072484921875 0.660396646875 0.6337154671875 0.6564255890624999 0.6357230375 0.58980415 0.7898434640625001 0.5978143234375 0.7899230078125 0.6533688609375 0.65302415 0.6586138375 0.8010764734375 0.6559022484375 0.8196522937499999 0.66608450625 0.8072484921875
1 0.25292482031249996 0.3312039640625 0.24700678125 0.34746364375 0.24801790937499998 0.35358841406249997 0.27030875781249997 0.3168193546875 0.29030653906250004 0.2596529328125 0.29624875 0.24110387656249999 0.30149898125 0.2199991296875 0.286900209375 0.2423032890625 0.265123928125 0.26429888125 0.21716370937499999 0.318187984375 0.20122932031250002 0.3308020109375 0.1874414203125 0.36029581718750003 0.28754202812499996 0.24944272500000003 0.2782445890625 0.2794331625 0.2613555140625 0.31470972656249996 0.25292482031249996 0.3312039640625
1 0.436974140625 0.2750648046875 0.44513584218749996 0.25041774375000003 0.47326763749999995 0.1708923515625 0.4668547375 0.1662600765625 0.45948363125 0.18428905625 0.428239540625 0.2189484859375 0.407598996875 0.23560070312499998 0.379450896875 0.2520846078125 0.38288877499999996 0.2634342609375 0.4589655453125 0.19906124375 0.43137430625000006 0.26151879375 0.40774966093750004 0.288592725 0.406962584375 0.2952120859375 0.436974140625 0.2750648046875
1 0.3242011171875 0.751814853125 0.380916515625 0.6849968750000001 0.3685426421875 0.7679538484374999 0.3392556515625 0.8352565999999999 0.3474144640625 0.8304599296875 0.3806754015625 0.74129921875 0.3886362796875 0.6682438828125 0.378129534375 0.6770823234375001 0.32772395312499997 0.7243302984375 0.285608390625 0.8022076109375 0.288813021875 0.8045287468750001 0.3242011171875 0.751814853125
1 0.4252019140625 0.46986055625 0.3853300140625 0.5393504874999999 0.391718625 0.5462834156249999 0.4220743765625 0.4940360703125 0.4252019140625 0.46986055625
1 0.256340265625 0.4820489671875 0.2399908703125 0.5336374625 0.2291289484375 0.5742776218750001 0.23193225 0.5824868000000001 0.26889079374999997 0.44978964218749995 0.2103736703125 0.5171009328125 0.21165378906250001 0.5313785265625001 0.256340265625 0.4820489671875
1 0.0055707359375 0.46557443593750003 0.010441940625 0.475351384375 0.091857453125 0.386509521875 0.04276520625 0.5124865421875 0.0549733578125 0.5123222828125 0.11629516250000001 0.3505218578125 0.07060107812500001 0.3937279296875 0.0055707359375 0.46557443593750003