0 0.08092 0.7637440468750001 0.13043 0.7475654765625 0.1280166671875 0.7087380953125 0.08201333281249999 0.7235892859375 0.08092 0.7637440468750001
0 0.2632633328125 0.7098154765625 0.2560166671875 0.6526547625 0.20592666718750002 0.6899464281250001 0.2155633328125 0.74325 0.2632633328125 0.7098154765625
0 0.42266000000000004 0.621375 0.4220566671875 0.5555833328124999 0.3725933328125 0.5618392859375 0.37315 0.6192202375 0.42266000000000004 0.621375
0 0.5699833328125 0.6332380953125 0.5730000000000001 0.574994046875 0.52332 0.5618392859375 0.5192666671875 0.6192202375 0.5699833328125 0.6332380953125
0 0.6484733328125001 0.810125 0.7016066671875001 0.836005953125 0.7016066671875001 0.77129761875 0.6537533328125 0.743 0.6484733328125001 0.810125
0 0.8441000000000001 0.7206011906249999 0.8990433328125 0.7475654765625 0.9050800000000001 0.7022678578125 0.8479566671875001 0.6640654765625 0.8441000000000001 0.7206011906249999
1 0.1066666671875 0.5178571421875 0.10333333281249998 0.5178571421875 0.10333333281249998 0.63095238125 0.0966666671875 0.625 0.0966666671875 0.6130952375 0.0933333328125 0.6130952375 0.09 0.577380953125 0.0866666671875 0.577380953125 0.0866666671875 0.565476190625 0.08333333281250001 0.565476190625 0.08 0.5297619046875 0.07666666718750001 0.5297619046875 0.0733333328125 0.4761904765625 0.06999999999999999 0.4761904765625 0.06999999999999999 0.45238095312500004 0.0666666671875 0.45238095312500004 0.0666666671875 0.440476190625 0.06999999999999999 0.440476190625 0.06999999999999999 0.434523809375 0.0666666671875 0.434523809375 0.0666666671875 0.428571428125 0.06 0.428571428125 0.06 0.48214285781250005 0.0633333328125 0.48214285781250005 0.0633333328125 0.50595238125 0.0666666671875 0.50595238125 0.0666666671875 0.5357142859375 0.06999999999999999 0.5357142859375 0.06999999999999999 0.5535714281249999 0.0733333328125 0.5535714281249999 0.0733333328125 0.5714285718750001 0.07666666718750001 0.5714285718750001 0.07666666718750001 0.5833333328125 0.08 0.5833333328125 0.08 0.5952380953125 0.08333333281250001 0.5952380953125 0.08333333281250001 0.6130952375 0.0866666671875 0.6130952375 0.09 0.6428571421875 0.0933333328125 0.6428571421875 0.0933333328125 0.6666666671875 0.0966666671875 0.6666666671875 0.0966666671875 0.672619046875 0.1066666671875 0.672619046875 0.1066666671875 0.6607142859375 0.11000000000000001 0.6607142859375 0.11000000000000001 0.6547619046875 0.1066666671875 0.6547619046875 0.1066666671875 0.6369047625 0.11000000000000001 0.6369047625 0.11000000000000001 0.5952380953125 0.11333333281249999 0.5952380953125 0.11333333281249999 0.50595238125 0.1166666671875 0.50595238125 0.1166666671875 0.440476190625 0.12 0.440476190625 0.12 0.4047619046875 0.1166666671875 0.4047619046875 0.1166666671875 0.3928571421875 0.11333333281249999 0.3928571421875 0.11333333281249999 0.41071428593750003 0.11000000000000001 0.41071428593750003 0.11000000000000001 0.4702380953125 0.1066666671875 0.4702380953125 0.1066666671875 0.5178571421875
1 0.1966666671875 0.565476190625 0.2 0.5892857140625 0.2033333328125 0.5892857140625 0.2033333328125 0.5952380953125 0.21000000000000002 0.5952380953125 0.21000000000000002 0.6011904765625 0.2166666671875 0.6071428578125 0.2166666671875 0.6130952375 0.2233333328125 0.6130952375 0.2233333328125 0.625 0.2266666671875 0.625 0.2266666671875 0.63095238125 0.22999999999999998 0.63095238125 0.22999999999999998 0.625 0.2366666671875 0.625 0.2366666671875 0.61904761875 0.24333333281249997 0.6130952375 0.24333333281249997 0.6011904765625 0.24666666718750002 0.6011904765625 0.24666666718750002 0.565476190625 0.25 0.565476190625 0.25 0.5416666671875 0.2533333328125 0.5416666671875 0.2533333328125 0.5238095234375 0.25666666718750003 0.5238095234375 0.25666666718750003 0.5119047625 0.2533333328125 0.5119047625 0.2533333328125 0.50595238125 0.24666666718750002 0.50595238125 0.24666666718750002 0.5 0.24 0.5 0.24 0.50595238125 0.2366666671875 0.50595238125 0.2366666671875 0.5119047625 0.24 0.5119047625 0.24 0.547619046875 0.2366666671875 0.547619046875 0.2366666671875 0.6071428578125 0.2233333328125 0.6071428578125 0.2233333328125 0.5952380953125 0.22000000000000003 0.5952380953125 0.22000000000000003 0.5892857140625 0.2166666671875 0.5892857140625 0.2166666671875 0.5833333328125 0.21000000000000002 0.577380953125 0.21000000000000002 0.559523809375 0.2066666671875 0.559523809375 0.2066666671875 0.547619046875 0.2033333328125 0.547619046875 0.2033333328125 0.5416666671875 0.1966666671875 0.5357142859375 0.1966666671875 0.5238095234375 0.19 0.5178571421875 0.19 0.50595238125 0.1866666671875 0.50595238125 0.1866666671875 0.5 0.1766666671875 0.5 0.1766666671875 0.5119047625 0.1866666671875 0.5119047625 0.1866666671875 0.547619046875 0.19 0.547619046875 0.19 0.559523809375 0.1966666671875 0.565476190625
1 0.3866666671875 0.5119047625 0.39 0.5119047625 0.39 0.5178571421875 0.3966666671875 0.5178571421875 0.4 0.50595238125 0.4033333328125 0.50595238125 0.4033333328125 0.5 0.4066666671875 0.5 0.4066666671875 0.49404761875 0.41 0.49404761875 0.41 0.48214285781250005 0.4 0.48214285781250005 0.4 0.48809523749999995 0.38333333281250004 0.48809523749999995 0.38333333281250004 0.5 0.3866666671875 0.5 0.3866666671875 0.5119047625
1 0.5466666671875 0.5178571421875 0.5599999999999999 0.5178571421875 0.5633333328125001 0.50595238125 0.5666666671875 0.50595238125 0.5666666671875 0.49404761875 0.5633333328125001 0.49404761875 0.5633333328125001 0.48809523749999995 0.5466666671875 0.48809523749999995 0.5433333328125001 0.5 0.54 0.5 0.54 0.5119047625 0.5466666671875 0.5119047625 0.5466666671875 0.5178571421875
1 0.6784333328125001 0.5315952375 0.6804633328125 0.48500595312500006 0.67369 0.48742261875 0.6696266671875 0.5200952375 0.67098 0.6271904765625 0.6713199999999999 0.6647023812499999 0.67674 0.7010059531249999 0.68995 0.70645238125 0.70519 0.646553571875 0.72077 0.5896785718750001 0.7319466671875 0.5334107140625 0.7336400000000001 0.49831547656249997 0.7301533328125 0.5024583328125 0.7095933328124999 0.604803571875 0.70011 0.6447380953125 0.68453 0.6889047625 0.68148 0.6604702375 0.6797866671875 0.6060119046875 0.6784333328125001 0.5315952375
1 0.8894466671875 0.5915416671875 0.9026566671875 0.5491845234375 0.9145099999999999 0.5044107140625 0.9287366671875 0.43967261874999997 0.9355100000000001 0.41607738124999993 0.9477033328125 0.34165476250000004 0.9399133328125 0.3307619046875 0.9331400000000001 0.38038095312500003 0.9239933328125 0.42877976249999994 0.9073966671875 0.5007857140625 0.8904633328125 0.5637083328125 0.88538 0.554630953125 0.8789466671874999 0.5068333328125 0.8721733328125 0.428178571875 0.8671466671875001 0.3623630953125 0.8637033328125 0.325321428125 0.8593 0.3271369046875 0.8613333328125 0.428178571875 0.8670899999999999 0.485053571875 0.8823333328125 0.5885119046875 0.8894466671875 0.5915416671875
1 0.67942 0.2871130953125 0.6763933328125 0.2804702375 0.6622 0.32680357187500003 0.6496999999999999 0.2811607140625 0.6438666671875 0.286119046875 0.6585866671875 0.343178571875 0.66581 0.342678571875 0.67942 0.2871130953125
1 0.3045266671875 0.33636309531249997 0.2965 0.334601190625 0.28601 0.362351190625 0.2727866671875 0.344630953125 0.26518 0.34345238125 0.2823733328125 0.374755953125 0.2883266671875 0.37239285781250003 0.3045266671875 0.33636309531249997
1 0.1471433328125 0.275523809375 0.14549 0.35408333281250004 0.1282466671875 0.2906666671875 0.12499 0.3003333328125 0.1471433328125 0.39660714218750004 0.15144 0.39660714218750004 0.15309333281249998 0.2843869046875 0.1471433328125 0.275523809375