0 0.3352067296875 0.7777720218749999 0.3605184796875 0.77476815 0.361820196875 0.749929896875 0.331839190625 0.7559381953125001 0.3352067296875 0.7777720218749999
0 0.5168464375 0.875001984375 0.5471373828125 0.8787520046875 0.5418246265625 0.849236696875 0.5171051546875 0.8513874171875001 0.5168464375 0.875001984375
0 0.2935122703125 0.46805906875 0.323859728125 0.47073077812499997 0.33186545 0.43433392968750006 0.29394413125 0.4317659734375 0.2935122703125 0.46805906875
0 0.8882518703125 0.5653239515624999 0.9260295703124999 0.5716341984375 0.9272747765625 0.5478742515625 0.89208249375 0.5384610203125 0.8882518703125 0.5653239515624999
0 0.717690603125 0.5184822046875001 0.7473918265624999 0.5189575109375 0.749792428125 0.48767857968749995 0.7171671984375 0.48488749531249997 0.717690603125 0.5184822046875001
1 0.0866449984375 0.488659640625 0.1136202328125 0.5702044453124999 0.14273201093750001 0.5673997265625 0.1475152328125 0.46153156875 0.1404481078125 0.4654915984375 0.132487321875 0.5592832890625 0.1215599171875 0.5641222781249999 0.09441766406249999 0.48626527656249996 0.0866449984375 0.488659640625
1 0.34904195 0.7319758921874999 0.357893 0.6793776734375 0.35420599531249997 0.677021909375 0.34651061875 0.7220958296875 0.321025503125 0.6306526781249999 0.3144959375 0.6348752453125 0.345831365625 0.735056765625 0.34904195 0.7319758921874999
1 0.541099559375 0.7030569265625 0.5314232109375 0.7859300375 0.5259818390625 0.8170496093749999 0.4946049828125 0.7047056359375 0.4862033515625 0.703429071875 0.49090317031249997 0.71558531875 0.5224553968750001 0.840684675 0.5262554265625 0.840883825 0.5386836421875 0.7928088078125 0.546308540625 0.7054977828125 0.541099559375 0.7030569265625
1 0.26029059062500004 0.258453334375 0.257452653125 0.239896396875 0.25134183125 0.254735215625 0.3075173046875 0.4190227046875 0.3107278890625 0.4159418296875 0.3293778375 0.249077509375 0.3216944140625 0.2513433890625 0.3085926984375 0.39850299218749996 0.26029059062500004 0.258453334375
1 0.7765532562499999 0.6460941078125 0.782390490625 0.607421075 0.785630353125 0.5891826609375 0.7865359328125 0.571903184375 0.783778278125 0.5663416625 0.773211665625 0.6080213015625 0.7708015359375 0.668536609375 0.770542190625 0.68801249375 0.7716917999999999 0.7097300828125 0.7791315703125 0.684132240625 0.7935254421875 0.656730984375 0.823634378125 0.5911743671874999 0.8351845265625 0.5744527484375 0.83974680625 0.5422164890625 0.7764304265625 0.6774924140625 0.7765532562499999 0.6460941078125
1 0.65002894375 0.67519839375 0.6488463140625 0.6686381484374999 0.626036615625 0.69667961875 0.6254376453125 0.7226359718750001 0.6217860484375 0.806911421875 0.62927308125 0.8094663390625 0.6310509421875 0.7900700375 0.650796378125 0.747790171875 0.6656663921875 0.7258308671875 0.6877651265625 0.7018375203125 0.6811591499999999 0.6919889328125 0.627227421875 0.77579185 0.635352234375 0.7079964999999999 0.65002894375 0.67519839375
1 0.6166667625 0.148315384375 0.6129235234375 0.1470326140625 0.5944937703125001 0.20778963906249998 0.5597922515625 0.28826996718750003 0.5473711734375 0.2053200484375 0.555701040625 0.1323954203125 0.549301140625 0.1393679046875 0.5435616171875 0.23435727343749999 0.5573079046875 0.30654797500000003 0.5647714453125 0.29502385625 0.5991605703125 0.2351032265625 0.6166667625 0.148315384375
1 0.5900180328125 0.4240805390625 0.576264328125 0.4829200875 0.5803416859375 0.50695365 0.5981544828125 0.4288426828125 0.5900180328125 0.4240805390625
1 0.7719712078125001 0.398967753125 0.766572659375 0.3856882921875 0.7382613359375 0.44592744531250006 0.738813325 0.3918130234375 0.7373185999999999 0.3497729265625 0.7322376578124999 0.34274205625 0.7356909203125 0.4804466109375 0.7719712078125001 0.398967753125
1 0.9106419390625 0.5307622203125 0.9417071781249999 0.4760843921875 0.9828901171875 0.3883642046875 0.9753732578125 0.38043866406250004 0.9234900625 0.4892021515625 0.9336050953124999 0.35437654375 0.9219784078125001 0.35810294374999996 0.9106419390625 0.5307622203125