0 0.3499700375 0.7860159578125 0.3750898875 0.7816914890625 0.3750898875 0.7568191484375 0.34546441875 0.7643882984375 0.3499700375 0.7860159578125
0 0.5364494375 0.8736063828124999 0.56689513125 0.8757659578125001 0.56004494375 0.8465691484375 0.535471909375 0.8500106390625 0.5364494375 0.8736063828124999
0 0.2921235953125 0.47890957500000003 0.3225692890625 0.4799893609375 0.3286591765625 0.4432234046875 0.29065543125 0.4426436171875 0.2921235953125 0.47890957500000003
0 0.8911385765625001 0.54491489375 0.92919475625 0.5492393609375 0.92919475625 0.5254468078125 0.893558053125 0.5178882984375 0.8911385765625001 0.54491489375
0 0.71835955 0.5070638296875 0.74804494375 0.5059840421875 0.74880524375 0.474622340625 0.7160786515625001 0.473542553125 0.71835955 0.5070638296875
1 0.13913483124999998 0.48435638281250004 0.1360936328125 0.5784361703124999 0.12543445625 0.583840425 0.09425468125 0.5075106390624999 0.086617978125 0.5103085109375 0.1178239703125 0.5903297875 0.1467490640625 0.5860053187500001 0.14598501875 0.48003191562499997 0.13913483124999998 0.48435638281250004
1 0.3636704125 0.684409575 0.35834456875 0.7298244687500001 0.32810861406249997 0.6398404249999999 0.3218089890625 0.6443989359375 0.35834456875 0.7428031921875 0.3613895125 0.7395585109375 0.3674756546875 0.6865691484374999 0.3636704125 0.684409575
1 0.55395505625 0.790382978125 0.557 0.702792553125 0.5516704125 0.700627659375 0.54634456875 0.7838936171875 0.5425393265625 0.81525531875 0.5053258421875 0.704707446875 0.4968689140625 0.703872340625 0.5021985015625 0.7157659578125 0.54025468125 0.8390425531249999 0.544059925 0.8390425531249999 0.55395505625 0.790382978125
1 0.306588015625 0.425962765625 0.3164794 0.2583510640625 0.30892509375 0.26101595781250003 0.30354307187499996 0.408659575 0.24797752812499999 0.2713297875 0.244172284375 0.2529468078125 0.2388464421875 0.26808510625 0.30354307187499996 0.429207446875 0.306588015625 0.425962765625
1 0.7899063671875 0.5568085109375 0.7868614234375 0.5513989359375 0.7784906359375 0.59357446875 0.7792509359374999 0.654132978125 0.7800112359375 0.6735957453125 0.7822958796874999 0.6952234046875 0.7883857671875 0.6692712765625 0.8013258421874999 0.6411542546875 0.827962546875 0.5741117015625 0.8386217234375 0.5568085109375 0.8414906359375 0.524377659375 0.7853408234375 0.662781915625 0.783820225 0.6314202125 0.7876254687500001 0.59249468125 0.7899063671875 0.5741117015625 0.7899063671875 0.5568085109375
1 0.6574681640625 0.660617021875 0.636157303125 0.6898138296874999 0.636917603125 0.7157659578125 0.6376816484375001 0.800117021875 0.645292134375 0.8022765953125001 0.646052434375 0.7828138296875 0.6635580531249999 0.7395585109375 0.6772584265625 0.7168510640625 0.6980711609375 0.6917340421875 0.6909588015625 0.68224468125 0.641486890625 0.76875531875 0.646052434375 0.700627659375 0.658992509375 0.6671063828125 0.6574681640625 0.660617021875
1 0.5851610484374999 0.23027659531250003 0.5981011234375 0.1426914890625 0.5942958796875 0.1416063828125 0.5790711609375 0.20324468125 0.5486292140625 0.28543085156250003 0.5318838953125 0.20324468125 0.5363857671875001 0.12998404218749998 0.53035955 0.137281915625 0.5295992515625 0.2324414890625 0.54710486875 0.30381382968750004 0.55395505625 0.29191489375 0.5851610484374999 0.23027659531250003
1 0.5859213484375 0.41947340468750005 0.5752659171875 0.478952128125 0.58059550625 0.5027393609375 0.5942958796875 0.42380319218749996 0.5859213484375 0.41947340468750005
1 0.7351048687499999 0.433531915625 0.7328239703125 0.379462765625 0.7291310859375 0.3375585109375 0.7236891390625 0.3308031921875 0.73434456875 0.46813829843750004 0.7663108609375 0.384872340625 0.76022471875 0.37189361718749997 0.7351048687499999 0.433531915625
1 0.9763857671875 0.36324468125 0.96846441875 0.3557234046875 0.92234456875 0.46705319218749997 0.9253895125 0.331882978125 0.9139737828125 0.336212765625 0.9116891390624999 0.5092287234375 0.9398501874999999 0.453 0.9763857671875 0.36324468125