1 1 0.4197860125 0.9478562374999999 0.5852313828125 0.8003928390624999 1 0.8372927921875 1 1 0.469235184375 1 0.4197860125
1 1 0.2855922140625 0.9890122265624999 0.2965851828125 0.84135394375 0.7462276171875 0.7434003171875 1 0.7805268890625 1 0.8367648781250001 0.8275347843749999 0.8558066875 0.74661628125 0.8922188453125001 0.663167459375 1 0.349125359375 1 0.2855922140625
1 0.7327880812500001 1 0.955469525 0.2757001859375 0.9381668140625001 0.2707387140625 0.93034144375 0.2835172 0.9142848765625 0.354024925 0.682389475 1 0.7327880812500001 1
1 0.6675962546875 1 0.74674446875 0.7641659109375001 0.869207034375 0.32983228124999997 0.8898331765625 0.28692401562500003 0.86291785 0.27920616875 0.841885878125 0.36706518906249996 0.8103814859374999 0.4406545109375 0.69827555625 0.7953347953125001 0.6179643218749999 1 0.6675962546875 1
1 0.6026902562500001 1 0.7947502375 0.3573048546875 0.8281771515624999 0.2842668109375 0.8031843484375001 0.27710023906250003 0.7930306265625 0.3342782046875 0.7626565921874999 0.38941368125000003 0.5505838765625 1 0.6026902562500001 1
1 0.5507612328125 1 0.7961706359375 0.19997721562499998 0.7692553078125 0.19225936875 0.7441753765625 0.3014912171875 0.6425613578125 0.5615345765625 0.4942864375 1 0.5507612328125 1
1 0.48569671875 1 0.6056952234375 0.58851931875 0.733384253125 0.21577385312500003 0.7054738453125 0.21152626562500002 0.6323113390625 0.41588287187499995 0.489493184375 0.8631575984375001 0.438154815625 0.9986603031250001 0.44174040000000003 1 0.48569671875 1
1 0.429469640625 0.9999254625 0.7035031734375 0.10956015781249999 0.6698928328125 0.0961669546875 0.5319148046875 0.5410739687499999 0.38140655625000003 0.9861435953125 0.429469640625 0.9999254625
1 0.60039195 0.215194859375 0.5803069109375001 0.1981687859375 0.4990484828125 0.44527105 0.395376665625 0.7197467171875 0.3395845078125 0.9215730046875 0.333343471875 0.9723617265625 0.377561509375 0.9850410453125 0.46293553593750003 0.7090741640625 0.60039195 0.215194859375
1 0.5469671218750001 0.1548084140625 0.5187861625 0.1805279953125 0.403627353125 0.55311085 0.2679776765625 0.9536183875 0.317963284375 0.9679515296875 0.4513040984375 0.5029368468750001 0.5524641406249999 0.1864294078125 0.5469671218750001 0.1548084140625
1 0.3260695265625 0.497071159375 0.19684431093750002 0.9332212234374999 0.26221010625 0.9519645625 0.50871956875 0.12130754375 0.47816210937500003 0.09001177031249999 0.4625113703125 0.11556874218749999 0.3260695265625 0.497071159375
1 0.4389871125 0.05248936562499999 0.41207178437499997 0.0447715203125 0.39947392656249997 0.052425921875 0.3426866875 0.25772246718749997 0.2902856 0.404187225 0.131478515625 0.9144778828125 0.1853091703125 0.9299135749999999 0.43195390937499994 0.08427296875 0.4389871125 0.05248936562499999
1 0.34379804531249997 0 0.25814380625 0.33488121406250004 0.22638835156249998 0.329531078125 0.219490425 0.346331096875 0.19201450312499999 0.50745421875 0.16833548125 0.5682650515625001 0.1389370359375 0.7288368968750001 0.095085846875 0.889020078125 0.093028046875 0.9034523890624999 0.12763346874999998 0.9133753328124999 0.1698326859375 0.7226737078125 0.3666557515625 0.0580378375 0.378664359375 0.0089029375 0.3695844828125 0 0.34379804531249997 0
1 0.036550340625 0.8609685109375 0.0315072984375 0.8858115968750001 0.0738028140625 0.897939640625 0.25983475624999997 0.14758640625 0.2599700328125 0.132602821875 0.23212726250000001 0.12086344062500001 0.036550340625 0.8609685109375
1 0 0.876777025 0.018049634375 0.881952675 0.095211953125 0.55480840625 0.20494138281250002 0.143112765625 0.16755363437499998 0.12112522031249999 0 0.6997960859375 0 0.876777025
1 0 0.680475878125 0.14640587656249998 0.1150611984375 0.1446862671875 0.09203454531250001 0.1196934640625 0.084867975 0 0.49449129062499997 0 0.680475878125