0 0.075 0.9345372453125 0.066 0.957110609375 0.066 0.97629796875 0.06999999999999999 0.981941309375 0.08 0.9853273140625 0.223 0.98645598125 0.22999999999999998 0.981941309375 0.233 0.9051918734375001 0.231 0.8690744921875 0.22599999999999998 0.860045146875 0.202 0.8566591421875 0.176 0.8419864562500001 0.098 0.8374717828125 0.087 0.8510158015625 0.06999999999999999 0.8577878109375 0.06 0.871331828125 0.064 0.9243792328125 0.075 0.9345372453125
0 0.065 0.830699775 0.049 0.835214446875 0.051000000000000004 0.8679458234374999 0.045 0.895033859375 0.044 0.9243792328125 0.068 0.9480812640625 0.063 0.9740406328125 0.076 0.9841986453124999 0.131 0.98871331875 0.21800000000000003 0.98758465 0.227 0.9853273140625 0.233 0.97629796875 0.22999999999999998 0.945823928125 0.23399999999999999 0.9345372453125 0.23199999999999998 0.9074492093750001 0.23700000000000002 0.7911963875 0.227 0.65801354375 0.22799999999999998 0.6196388265625 0.22000000000000003 0.6015801359374999 0.20299999999999999 0.5993227984375 0.191 0.5857787812499999 0.16399999999999998 0.5857787812499999 0.088 0.5959367953125 0.074 0.6196388265625 0.077 0.6422121890625 0.071 0.793453725 0.065 0.830699775
1 0.72 1 0.7230000000000001 0.9954853265624999 0.724 0.98758465 0.718 0.9841986453124999 0.693 0.9785553046875 0.673 0.968397290625 0.647 0.9638826187499999 0.5700000000000001 0.9367945828125 0.503 0.9232505640625 0.45499999999999996 0.9029345375 0.422 0.8984198640625 0.40099999999999997 0.8871331828125 0.34500000000000003 0.8769751687499999 0.333 0.8848758468750001 0.32999999999999996 0.8939051921875001 0.344 0.9108352140625 0.388 0.922121896875 0.477 0.955981940625 0.49400000000000005 0.957110609375 0.52 0.9672686234375 0.575 0.9796839734375 0.611 1 0.72 1
1 0.515 0.909706546875 0.675 0.9593679453125 0.782 0.9988713312499999 0.969 1 0.9259999999999999 0.9909706546875 0.8039999999999999 0.9480812640625 0.786 0.9492099328125001 0.631 0.909706546875 0.507 0.871331828125 0.40800000000000003 0.835214446875 0.384 0.8318284421875 0.378 0.836343115625 0.378 0.8442437921874999 0.372 0.8532731374999999 0.387 0.8623024828125001 0.515 0.909706546875
1 0.5660000000000001 0.8634311515625 0.9289999999999999 0.9909706546875 0.9560000000000001 0.9988713312499999 0.991 1 0.991 0.9593679453125 0.975 0.9503386 0.915 0.9356659140625 0.867 0.9176072234375001 0.568 0.8273137703125 0.418 0.7832957109375001 0.403 0.7821670421875 0.397 0.7911963875 0.396 0.8024830703125 0.399 0.8081264109375 0.414 0.8148984203125 0.5660000000000001 0.8634311515625
1 0.9390000000000001 0.9356659140625 0.9710000000000001 0.9345372453125 0.9039999999999999 0.8961625281250001 0.982 0.9142212187500001 0.982 0.8995485328124999 0.924 0.8803611734375 0.712 0.8261851015625 0.46900000000000003 0.756207675 0.42300000000000004 0.7483069984374999 0.418 0.75733634375 0.43200000000000005 0.7674943562500001 0.663 0.834085778125 0.8380000000000001 0.8905191875 0.9390000000000001 0.9356659140625
1 1 0.8510158015625 0.9970000000000001 0.8498871328125001 0.731 0.775395034375 0.509 0.7279909703125 0.454 0.706546275 0.42300000000000004 0.702031603125 0.418 0.7257336343749999 0.42800000000000005 0.73024830625 0.509 0.749435665625 0.541 0.7629796843750001 0.8039999999999999 0.8408577875000001 1 0.9063205421875 1 0.8510158015625
1 1 0.7992042890625 0.658474 0.7055654625 0.414274 0.6388781031249999 0.407609 0.6673814890624999 0.550416 0.7114819406249999 0.712264 0.759883746875 1 0.8502347625000001 1 0.7992042890625
1 0.849835 0.6921207671875 0.595639 0.6254322796875 0.458544 0.5920891640625 0.425952 0.585564334375 0.42189 0.6189785546875 0.455688 0.6189785546875 0.771291 0.7243893906250001 0.9997820000000001 0.796454853125 1 0.7303047406250001 0.849835 0.6921207671875
1 0.9988300000000001 0.6829774265624999 0.7189289999999999 0.612525959375 0.550416 0.5689627546875 0.43309499999999995 0.5363860046875 0.42998200000000003 0.5576692999999999 0.48662900000000003 0.575954853125 0.7465379999999999 0.6533984203125 0.943136 0.7120191874999999 1 0.730843115625 0.9988300000000001 0.6829774265624999
1 1 0.6324729125 0.821991 0.58944808125 0.653479 0.5426591421875 0.509244 0.505550790625 0.441667 0.4880146734375 0.439745 0.5173826187499999 0.534473 0.5442731375000001 0.698701 0.5878352140625 0.9010109999999999 0.6453803609375 1 0.6792618515625 1 0.6324729125
1 1 0.5695496609374999 0.9105320000000001 0.5496512421874999 0.48734700000000003 0.4426275390625 0.45023799999999997 0.4372246046875 0.447361 0.462525959375 0.478779 0.46736681718749995 0.642531 0.5189954859375 0.8343680000000001 0.574389390625 0.9433770000000001 0.5980530468749999 1 0.6238679453125 1 0.5695496609374999