1 0.5020195328125 0 0 0.1831473984375 0 0.21993653281249997 0.3914464390625 0.0572182 0.544537253125 0 0.5020195328125 0
1 0.6066005328124999 0 0.3165290078125 0.1168582015625 0.23510021406249998 0.15758783125 0.1552891796875 0.1808384921875 0 0.2406359234375 0 0.2777079671875 0.23624474375 0.172000428125 0.677543121875 0.0010120390625 0.6784548 0 0.6066005328124999 0
1 0 0.340313509375 0.624093025 0.078643140625 0.6936637875 0.0589184890625 0.7060152125 0.0504350703125 0.7001549859375 0.0334157359375 0 0.2894936125 0 0.340313509375
1 0 0.4058726984375 0.194693009375 0.3174528015625 0.5430200468749999 0.186937978125 0.6148597031249999 0.15162539375 0.7014975875 0.12602406093750002 0.6923816796875 0.099549540625 0.6506117062500001 0.12239306093749999 0.22328251250000003 0.2674190609375 0 0.35560769531249997 0 0.4058726984375
1 0 0.47485455625000006 0.5966883796875 0.2319157296875 0.6501586421875001 0.198697753125 0.7067268421875 0.18556548281250002 0.6982620703125 0.16098200000000001 0.6270735515625 0.198185621875 0 0.4219452171875 0 0.47485455625000006
1 0 0.5322650734375001 0.4310886703125 0.3608544890625 0.68545758125 0.24577011093749998 0.7932271484375 0.215007796875 0.7841112406249999 0.18853327656250002 0 0.47475669062500003 0 0.5322650734375001
1 0 0.5757542609375 0.0052598203125 0.5878582921875 0.13788998125000002 0.5294986171875 0.5770772078124999 0.3634676390625 0.7773247203125 0.2797102 0.7716222359375 0.25206034375 0.406070334375 0.399082371875 0 0.540952590625 0 0.5757542609375
1 0.0207293484375 0.6438737062500001 0.45731202968750007 0.470278578125 0.894388103125 0.3092050109375 0.8792542250000001 0.276341678125 0.004450940625 0.5965977765625 0.0207293484375 0.6438737062500001
1 0.28603 0.6159806062500001 0.5547037453125 0.4980859203125 0.797214625 0.40400652187499997 0.779160715625 0.384840084375 0.29315216875 0.5479557640625 0.022031621874999997 0.6476557796875 0.03700775625 0.691149634375 0.08740024375 0.6822590749999999 0.28603 0.6159806062500001
1 0.8422604437500001 0.43503131249999993 0.8103950937500001 0.4311967421875 0.49961572500000007 0.5487828671874999 0.042216846875000005 0.70627793125 0.059146390625 0.755444896875 0.45200569062499996 0.5990201796875 0.8180509875 0.4645197109375 0.8422604437500001 0.43503131249999993
1 0.877717125 0.47147315 0.0610998 0.761118009375 0.083238434375 0.825413271875 0.5120276453125 0.6735388234374999 0.8858664125000001 0.5173176765624999 0.9105692624999999 0.5003508375 0.877717125 0.47147315
1 0.7501786421875 0.64441789375 0.952221821875 0.5769640890625001 0.9592064125 0.5639828953125 0.9500905046874999 0.537508375 0.9187185484375 0.5461953640625 0.087145253125 0.8367594953124999 0.10537706875 0.8897085359375 0.6066570703124999 0.704412540625 0.7501786421875 0.64441789375
1 1 0.5984297859375001 0.996774246875 0.5954673203125 0.9483351671875001 0.6100309921875 0.29491108125 0.841368671875 0.1066793421875 0.8934906093749999 0.1183997953125 0.927529278125 0.13270462968750002 0.9247189703125 0.2903732921875 0.8725445374999999 0.4491864828125 0.8347827015625 0.5086747125 0.8079535375000001 0.6681390421875 0.7720827375 0.6845550265625 0.76431501875 0.677550271875 0.7328830875000001 1 0.632159478125 1 0.5984297859375001
1 0.8644999015625 0.721392203125 0.12491115781249999 0.94643965 0.1392361578125 0.9880424671875 0.1637812640625 0.9817061499999999 0.892636340625 0.7476631515625 0.8794558718750001 0.72047293125 0.8644999015625 0.721392203125
1 0.35478671093749997 1 0.8957544437499999 0.8121619859375 0.8718403078125 0.7759762140625 0.4664516765625 0.9071017484375 0.14817850625 1 0.35478671093749997 1
1 0.5288873734374999 1 0.9344668078125 0.8580590078125001 0.9260020359375 0.8334755250000001 0.90291694375 0.8329633937500001 0.373694234375 1 0.5288873734374999 1