1 0.182980603125 0 0.177916575 0.008334925 0.18470066406250002 0.014823965625 0.490254325 0.04420989375 0.9994087421875 0.1118915796875 1 0.111932925 1 0.07327462812499999 0.26476665625 0.008393421875 0.230651253125 0 0.182980603125 0
1 1 0.1289996875 0.7503600078125 0.10249593125 0.6672507546875 0.10069413437500001 0.5780549749999999 0.08242765468749999 0.2299831078125 0.04004414375 0.19022913749999998 0.039269159375 0.18551172031250002 0.054978356250000006 0.19935892500000002 0.06396618281250001 0.6698754765625 0.114911859375 1 0.16782525625 1 0.1289996875
1 1 0.17362698593749998 0.1859042375 0.10111813124999999 0.1846486203125 0.119074284375 0.19877485156250002 0.12407185312499999 0.2710801609375 0.125118165625 0.998798646875 0.22412241093750002 1 0.2242064171875 1 0.17362698593749998
1 1 0.2373675640625 0.7070921921875 0.2037243078125 0.2567883953125 0.1742408828125 0.2105293609375 0.1629866015625 0.2085761796875 0.19091839531250002 0.2988880625 0.1932238484375 0.3774194125 0.20873971562500002 0.747657215625 0.24465368281250002 0.9980750593750001 0.28622321093749997 1 0.286357815625 1 0.2373675640625
1 1 0.2982163953125 0.299141065625 0.24135875156250003 0.22074923124999998 0.2238477578125 0.2189355625 0.2497844234375 0.2769751296875 0.24782829374999998 0.33722088125 0.2660752734375 0.9865475296874999 0.347568525 1 0.3485092125 1 0.2982163953125
1 1 0.34829166875 0.1449560953125 0.2726796484375 0.14300291406250001 0.3006114421875 0.25506219531249996 0.3024327390625 0.530549725 0.3477601921875 0.9971859375 0.402444296875 1 0.402641075 1 0.34829166875
1 1 0.41062696406250004 0.5646096859374999 0.3782102703125 0.1734615609375 0.330809690625 0.17510969375000002 0.3589933125 0.39021195937500003 0.388068915625 0.8574062234375001 0.43477250625 1 0.4567207171875 1 0.41062696406250004
1 1 0.464721203125 0.07578151562499999 0.3821208671875 0.06966896875 0.41778134375000003 0.5335409421875 0.4602428515625 1 0.5149061953125 1 0.464721203125
1 0.20054587499999998 0.46101617343749995 0.1880677765625 0.48420222500000004 0.4466648390625 0.5123095125 0.7366971390625 0.5566491515624999 0.9457128796875001 0.5692600734375 0.99668933125 0.5648051578125 0.999898128125 0.5189172125 0.7122115265625 0.49278555312499994 0.20054587499999998 0.46101617343749995
1 0.152586665625 0.5258285875 0.1836033625 0.548046325 0.5719872515625 0.5832243078125 0.991945890625 0.6326395140625001 0.9955732265625 0.5807661828125 0.5129971171875 0.547021175 0.18237376875 0.51387731875 0.152586665625 0.5258285875
1 0.533297340625 0.670738615625 0.9867839109375 0.706459253125 0.9915273515624999 0.6386248984375 0.12776998125 0.5702055640625 0.10351135 0.6066020265625001 0.1317638109375 0.6165971671875 0.533297340625 0.670738615625
1 0.0749538390625 0.652722303125 0.07300065781250001 0.6806540953125 0.083107034375 0.691385221875 0.295724090625 0.7042479703125 0.4498830390625 0.7250522328125 0.982040471875 0.774293609375 0.9859468343750001 0.7184300218749999 0.1075051796875 0.6529936296875001 0.0749538390625 0.652722303125
1 0.635730228125 0.8102237515624999 0.7989054734375001 0.8055950062499999 0.9647054421875 0.8151839859375001 0.9792502125 0.8141961703125 0.9817614453125 0.778283865625 0.7864533984375 0.7766558984375 0.0954195984375 0.7223194562499999 0.0448616859375 0.7207889875 0.0326626125 0.7399847828125 0.0423504515625 0.7567012921875 0.3887741859375 0.77090118125 0.39014329375 0.803075059375 0.4080103515625 0.8063293296875 0.5713251109375 0.79970545625 0.635730228125 0.8102237515624999
1 0.9494370859375 0.8782726000000001 0.9747857984375001 0.8780402703125001 0.9778550828125001 0.8341474515625 0.20522065 0.8081879624999999 0.1905363671875 0.8111709046875 0.1848423578125 0.8408459984375 0.9494370859375 0.8782726000000001
1 0.9738092078125 0.8920061671875 0.637770878125 0.8845471484375 0.21225774375 0.8628119062499999 0.198524028125 0.9039541109375 0.9690657671875 0.9598405218750001 0.9738092078125 0.8920061671875
1 0.96625754375 1 0.9690657671875 0.9598405218750001 0.19698938593749998 0.9259005203124999 0.1748234484375 0.9323700625000001 0.17300978125 0.9583067281250001 0.7289972828125 1 0.96625754375 1