0 0 0.839923165625 0.045301518750000005 0.853180715625 0.060628684375 0.8462152 0.0707872078125 0.8309946703125 0.08632228593749999 0.82305100625 0.09812338125 0.7458168406250001 0.08917703125000001 0.7173343796875 0.0908549 0.693154846875 0.0830624265625 0.686386803125 0.0481501203125 0.6769212812500001 0 0.6686375859375 0 0.839923165625
0 0 0.8595584921875 0.018998759375 0.862925 0.0467423265625 0.8626880343750001 0.0783426203125 0.871449565625 0.0860852234375 0.85673785625 0.123764828125 0.8586128609375001 0.27294884375 0.8841888578124999 0.2944051890625 0.8918165671875 0.3205000375 0.8830504296875 0.34623736250000003 0.8108231828125 0.351850978125 0.784413196875 0.3410978703125 0.7698594671875 0.3424243609375 0.7527616296875 0.3264235890625 0.7411818359375 0.2886795390625 0.73418143125 0.160486178125 0.6967096859375 0.0457342 0.6774301031250001 0.0196539265625 0.6698418890625 0.0077822375 0.6714078453125001 0 0.668935834375 0 0.8595584921875
1 0.10074334843749999 0.5163470984375 0.0940694546875 0.493459365625 0.0965145234375 0.460241840625 0.0866222109375 0.40906681718750004 0.0873042453125 0.3407149671875 0.0768173484375 0.2597656828125 0.0778070359375 0.2333951921875 0.0720292328125 0.2117202703125 0.07170700468749999 0.18609326406249999 0.0696424625 0.1795203890625 0.06170652343750001 0.17885589375 0.056666771875 0.1808516828125 0.034004396874999995 0.2874697703125 0.0463916484375 0.3269070234375 0.047100551562499995 0.38328643906250004 0.051630884375 0.4108302453125 0.049200390625 0.42769341875 0.06381637031250001 0.5217884546875 0.065708296875 0.56717358125 0.07935759375 0.584387596875 0.0888133609375 0.5833304609375001 0.09903633125 0.5732353328124999 0.10074334843749999 0.5163470984375
1 0.0955030546875 0 0.0706613015625 0.1204411953125 0.0870548921875 0.233316203125 0.1023652 0.4001450046875 0.12212067499999998 0.5352037578125 0.12783403124999998 0.551753278125 0.137913534375 0.5477616984375 0.1456415625 0.5494043421875 0.15130505 0.5444741093750001 0.15298291718749998 0.5202945765625 0.1382380453125 0.4159487390625 0.12648295625 0.2866798828125 0.120069125 0.1268537890625 0.12491554062500002 0.109481796875 0.110756090625 0 0.0955030546875 0
1 0.1117553359375 0 0.1582328625 0.3598806734375 0.17410246093749998 0.51864963125 0.177607809375 0.534729825 0.1825040953125 0.538837584375 0.1937520484375 0.5402060703125 0.20383155 0.536214490625 0.20584622187499999 0.5213076125 0.193976815625 0.365433603125 0.1678220875 0.05419440625000001 0.1601377828125 0.0034887093750000002 0.1600317 0 0.1117553359375 0
1 0.1694068203125 0 0.1882887453125 0.08819260625 0.207104403125 0.27110160156249996 0.2242130421875 0.5108988328125 0.2312383140625 0.52670486875 0.2411099046875 0.5236914374999999 0.242945815625 0.47705400468750003 0.2250201046875 0.2248150125 0.21610518750000002 0.0061838828125 0.2154219265625 0 0.196084890625 0 0.19649089687500002 0.0224615484375 0.1892783203125 0 0.1694068203125 0
1 0.2148543203125 0 0.22979592656249997 0.13177481093750001 0.25129143125 0.405219396875 0.2578863078125 0.43933608125 0.25981352968750004 0.5225553125 0.262150428125 0.5332754421875 0.28637407187499997 0.5333126328125 0.28840331875 0.5020514046875 0.278862384375 0.4437946828125 0.2786506078125 0.21679005624999997 0.264841665625 0 0.2148543203125 0
1 0.26726061093750003 0 0.28992750312500004 0.23834160781249997 0.30362152343750004 0.4067161421875 0.3170670296875 0.5555714671875001 0.3463332796875 0.5549782999999999 0.3318752328125 0.302249575 0.314275915625 0 0.26726061093750003 0
1 0.3188007953125 0 0.3369186265625 0.18798418125 0.3744084296875 0.51860664375 0.3673814296875 0.5516660765625 0.40091000625 0.5546400484375 0.40130401875 0.5214036734375 0.3971931828125 0.3803721046875 0.38481231875 0.11786558124999999 0.38014671875 0 0.3188007953125 0
1 0.3822603171875 0 0.3847470953125 0.0224663171875 0.4012118359375 0.22695612187499997 0.42292495468749997 0.497286909375 0.4290333515625 0.5564978171875 0.450498784375 0.5578778890625 0.44302632343750004 0.436347546875 0.4354509015625 0.2624596609375 0.425698715625 0 0.3822603171875 0
1 0.4317969 0 0.44117142343750004 0.07752577656250001 0.45539645625 0.287379125 0.4638616765625 0.457075415625 0.4704695140625 0.555324234375 0.49959530625 0.5595501734375 0.49649244374999996 0.4898039296875 0.490183140625 0.34100555 0.4794522671875 0.1664479734375 0.4748383875 0 0.4317969 0
1 0.48608421249999995 0 0.496272909375 0.0459254765625 0.4967552125 0.15747231875 0.511053471875 0.3566342609375 0.527507975 0.527542090625 0.5257108796875001 0.559280003125 0.5510575 0.56172631875 0.5534880281250001 0.52430490625 0.536788159375 0.0881160359375 0.5359592546874999 0 0.48608421249999995 0