1 1 0.5672202421875 0.8882386656250001 0.11753105781249999 0.8829480875 0.059149317187499995 0.875410046875 0.038744375 0.86001835625 0.0353936484375 0.8560915296875 0.0439207546875 0.9277851296874999 0.342394540625 1 0.6996364734375 1 0.5672202421875
1 1 0.792904209375 0.9573567265625 0.607305371875 0.9320026328125 0.5281374203125 0.9202346234375 0.4378541703125 0.8469879046875001 0.0949470328125 0.8347780406249999 0.057106606250000004 0.8183888625 0.057760615625 0.8143989140624999 0.0737795546875 0.9194140359375 0.535247984375 0.9773321859375 0.8673125609375001 0.982938375 0.8882351421875001 1 0.88366349375 1 0.792904209375
1 0.7573777296875 0.09279579375 0.779928728125 0.161502453125 0.923240340625 0.8818064281250001 0.928846528125 0.902729009375 0.9771428203125 0.8897880562499999 0.7748906390625 0.0731533875 0.7575039734375 0.0778121296875 0.7573777296875 0.09279579375
1 0.9153235671875001 0.9063524765625001 0.8475567921874999 0.599351584375 0.7288293421875001 0.163982115625 0.7244100078125 0.1165793046875 0.697364084375 0.12382623749999999 0.72458690625 0.2099683828125 0.7354836734375 0.28927270312500003 0.8220639890625 0.65103186875 0.864287303125 0.9013403046875 0.868959128125 0.918775790625 0.9153235671875001 0.9063524765625001
1 0.6701919171874999 0.14605683593750002 0.6450778453125 0.1527861296875 0.6658232374999999 0.207026765625 0.6681844765625 0.269930878125 0.8025311734375 0.91041289375 0.8090717265625 0.9348225703124999 0.8573680171875001 0.92188161875 0.67915683125 0.22587879375000003 0.6701919171874999 0.14605683593750002
1 0.6070595671875 0.204085146875 0.6538915828125 0.4793209 0.7541086375 0.9383375078125 0.75691173125 0.9487987984374999 0.8090717265625 0.9348225703124999 0.5993446265625 0.090291125 0.572298703125 0.097538059375 0.6070595671875 0.204085146875
1 0.678033890625 0.816698228125 0.703817371875 0.9592879312499999 0.749184325 0.9508693515625 0.6361893078125 0.5214388015625 0.5536620640625001 0.1361688640625 0.5275505046875 0.14690289375 0.5700894296875 0.35975217187499997 0.678033890625 0.816698228125
1 0.6970243296875 0.9648455796875 0.47334488124999996 0.0605158515625 0.4376371859375 0.066346240625 0.5485109859375 0.5187699234375 0.6487280390625 0.9777865328124999 0.6970243296875 0.9648455796875
1 0.4393672046875 0.2041686703125 0.413381890625 0.1999190359375 0.470996896875 0.45357820000000004 0.523498225 0.7422447015625 0.579623234375 0.94397868125 0.6004317484375 0.990727484375 0.6448643359374999 0.9788218078125 0.5759107078125 0.698301146875 0.4393672046875 0.2041686703125
1 0.5658262484375001 1 0.584976934375 0.9948685890625001 0.459772053125 0.5275976124999999 0.38346975156249996 0.2041965109375 0.362471871875 0.1799232046875 0.3515626375 0.21648345624999998 0.444746628125 0.5951604671874999 0.5329348406250001 1 0.5658262484375001 1
1 0.5264034078125001 1 0.31243309531249996 0.1709062984375 0.270121725 0.1598188421875 0.2698692359375 0.18978616718750002 0.3494040203125 0.587070309375 0.45616548124999995 1 0.5264034078125001 1
1 0.44363245781250005 1 0.22755786718749998 0.1786987109375 0.2172167328125 0.147832478125 0.190170809375 0.1550794109375 0.1833146453125 0.168128890625 0.24037401875 0.3733499671875 0.27089244687499997 0.5258833234375 0.386586975 1 0.44363245781250005 1
1 0.3782737625 1 0.3316768125 0.860917359375 0.1580743296875 0.18984185 0.1430613703125 0.1415401328125 0.12093975937500001 0.136255221875 0.108288040625 0.1508576171875 0.20764631875 0.483030725 0.17767105625 0.49480003124999994 0.180411028125 0.512753153125 0.23984410937499998 0.6650137703125 0.2508671203125 0.7293344265624999 0.3083683484375 0.8821126796875 0.341482796875 1 0.3782737625 1
1 0.3210143046875 1 0.1126317875 0.3216168359375 0.105030625 0.308703725 0.0751184859375 0.3129811984375 0.274685103125 1 0.3210143046875 1
1 0.25943327968749996 1 0.1812573390625 0.7554612296875 0.0632748875 0.3460543546875 0.019902907812500002 0.3464634640625 0.193205415625 1 0.25943327968749996 1
1 0.19034235 1 0 0.3567114109375 0 0.49160144843750003 0.133484365625 1 0.19034235 1