0 0 0.8550141468750001 0.09287761875 0.8842132062499999 0.1008917140625 0.88194240625 0.126199990625 0.8094236703125001 0.1348470828125 0.774299703125 0.1327054828125 0.7642030390625 0.110744140625 0.753948065625 0.0901700953125 0.7323148421875 0.0168982875 0.7051924453125 0.0024190468749999998 0.714928565625 0 0.7151283 0 0.8550141468750001
0 0 0.8577880015625 0.0042375984375 0.8594737125 0.087766103125 0.8838306984375001 0.097032828125 0.8843033437500001 0.10541058125 0.8774227671875 0.1114514140625 0.8474031828124999 0.11857653906250001 0.8377791609375 0.12458370625 0.81129 0.163354265625 0.7015787312499999 0.1927301125 0.571291628125 0.20490609843750002 0.534886075 0.2025355109375 0.5152774890625 0.1869383109375 0.50814846875 0.1794225421875 0.49168779999999995 0.1536023140625 0.4837937640625 0.0779532359375 0.471287671875 0.057635165625 0.48986083281250004 0.05390426875 0.5123249609375 0.00394769375 0.6552037312500001 0 0.6632437796875 0 0.8577880015625
1 0.5300406453125001 1 0.5284946078125 0.9985108609375001 0.504950646875 0.9865917953125001 0.43923495625 0.9381747562499999 0.379122425 0.9056336421875001 0.339159628125 0.8721714875 0.308921534375 0.8582058171875 0.292139040625 0.8412725046875 0.241555890625 0.8151855328125001 0.2277702984375 0.8192325281249999 0.222261459375 0.82699021875 0.23069986562499997 0.8472736828125 0.26947736875 0.8709315468750001 0.34468877343750004 0.92933315 0.3606159640625 0.93538281875 0.382509971875 0.952698640625 0.43147683593749997 0.9806519437500001 0.44987759687500006 1 0.5300406453125001 1
1 0.6204551953124999 1 0.5054893218750001 0.9301050125 0.39812721406249996 0.8571529953124999 0.31401274375 0.7936689734375 0.2920514015625 0.7834139999999999 0.28499360937499996 0.7859771734375001 0.282683675 0.793532628125 0.274305921875 0.800413203125 0.28601056874999997 0.813433584375 0.3945579703125 0.8961898953125 0.53304714375 0.9904607984375 0.545585621875 1 0.6204551953124999 1
1 0.7189197593750001 1 0.46933143906249997 0.832892990625 0.338755359375 0.74694255625 0.32474077968750004 0.7414776296875 0.31636302656250004 0.7483582046875 0.31210681406249996 0.7588593421875001 0.313325775 0.765133209375 0.32569040312499997 0.775994890625 0.45685912812499996 0.866847471875 0.637734665625 1 0.7189197593750001 1
1 0.8116254218750001 1 0.794266371875 0.9877068015624999 0.6073693140625 0.8739151656249999 0.395446678125 0.7359490953125001 0.35376659374999997 0.7149445421875 0.34634514375 0.7221174890625 0.35676349531249996 0.7359248484375 0.558200446875 0.8671444062500001 0.709054246875 0.9722769921875001 0.740851071875 1 0.773365284375 1 0.7705204078125 0.9969702781249999 0.7757605296875 1 0.8116254218750001 1
1 0.8699805375 1 0.8755252890625 0.9818639328125001 0.872986365625 0.979907465625 0.6403886828124999 0.8308994453125 0.441948634375 0.7206601953125 0.3956216953125 0.6840720859375 0.36729620937499996 0.6706911609375 0.3555848828125 0.69189566875 0.3638279671875 0.6991367875 0.43567881249999996 0.741167859375 0.46232067656250003 0.7634759625 0.6910594734375 0.9148449218750001 0.810579259375 1 0.8699805375 1
1 0.3627084359375 0.6330552 0.48638172500000004 0.716981396875 0.62700641875 0.81058805 0.8757536437500001 0.981117021875 0.8906735093749999 0.9323163375 0.591447915625 0.74291654375 0.377415790625 0.607745934375 0.3627084359375 0.6330552
1 0.40417095468750003 0.560176040625 0.390517071875 0.590942603125 0.4228382609375 0.6008241828124999 0.6938317656249999 0.7939024531250001 0.8912688921875 0.9296233015625001 0.9108177890625001 0.866427371875 0.7783781984375 0.786007859375 0.55478718125 0.6479136234375 0.4334311640625 0.57594474375 0.40417095468750003 0.560176040625
1 0.42538019218749995 0.5152349796875 0.4161805828125 0.53467814375 0.4650061984375 0.5687266859375 0.6909161046875 0.718776375 0.8617846531250001 0.832315384375 0.9106603828125 0.866942221875 0.9235360796875 0.8208259609375 0.6764634375 0.6716177546875 0.528050303125 0.5806896218750001 0.42538019218749995 0.5152349796875
1 0.9394210468749999 0.772870328125 0.7817694359375 0.6796806828124999 0.634300371875 0.5856680578125 0.5072171875 0.5080109312500001 0.4477200453125 0.47148345625 0.43729567031250005 0.4990062234375 0.5200224812500001 0.5524175421875 0.6643381796875001 0.6420917828125 0.840983621875 0.7562722 0.925741284375 0.8176148140624999 0.9394210468749999 0.772870328125
1 0.9578180250000001 0.7126965234375 0.8780770859375 0.6675096593750001 0.504673959375 0.4414350640625 0.47076611249999994 0.425418590625 0.46061742343749995 0.44877324218750003 0.48924727656250006 0.4625883125 0.63074933125 0.5598375046874999 0.79800835625 0.6688986703124999 0.895335596875 0.723399484375 0.9419368953125 0.7646413578125 0.9578180250000001 0.7126965234375