0 0.88359375 0.48125 0.0546875 0.06875
0 0.72890625 0.71875 0.0671875 0.1046875
0 0.5796875 0.88203125 0.071875 0.1109375
0 0.18671875 0.615625 0.0671875 0.103125
0 0.3078125 0.52890625 0.05 0.0703125
0 0.49375 0.43203125 0.040625 0.0578125
0 0.6140625 0.37890625 0.025 0.025
1 0.7558923546874999 0.2886000625 0.8531892421875 0.399768575 0.844868484375 0.28485612968749996 0.8353240609375 0.2853621953125 0.84009426875 0.37181839375000003 0.7616237234375001 0.276284809375 0.7558923546874999 0.2886000625
1 0.6956119984375 0.6237312765625 0.70031158125 0.643439946875 0.632679846875 0.5962484515625001 0.6296636546875 0.6056334890625 0.6942791953125 0.662210025 0.711189415625 0.650826684375 0.69980549375 0.559026359375 0.6956119984375 0.6237312765625
1 0.521226728125 0.7626023921875 0.43418341250000003 0.6590355671875 0.428547890625 0.662829596875 0.5141015265625 0.7761826187499999 0.5318044000000001 0.7812138546875 0.5140488140625 0.651009009375 0.506122353125 0.6524190078125 0.521226728125 0.7626023921875
1 0.5427023625 0.2683805765625 0.534445534375 0.266589725 0.5241267671875 0.2729231046875 0.5581814015625 0.2992224328125 0.605547753125 0.3682258078125 0.6111369 0.366301309375 0.589110709375 0.2579670390625 0.583873725 0.24678989218749997 0.5831530593750001 0.2507451609375 0.6007944921874999 0.3503891828125 0.5427023625 0.2683805765625
1 0.1388064625 0.5029715 0.038077701562499996 0.42822961406250004 0.0345893015625 0.43221111093750003 0.1423185015625 0.5212355125 0.15100705 0.5182438046875 0.14480191250000002 0.393335084375 0.1356802953125 0.399468865625 0.1388064625 0.5029715
1 0.257836034375 0.43323976562500005 0.2378491484375 0.421575278125 0.2115960421875 0.3900164875 0.2396977875 0.432992346875 0.27007345625 0.4586994296875 0.2796715578125 0.45632131875 0.2860891875 0.353959234375 0.2771116953125 0.356123653125 0.270201871875 0.430835428125 0.26961809375 0.44123648125 0.257836034375 0.43323976562500005
1 0.4618696171875 0.37040506875 0.42563467499999996 0.33372965625 0.397639421875 0.3109155046875 0.393623984375 0.31844214375 0.43134386406249997 0.350310346875 0.45341633124999997 0.3760961109375 0.4655685703125 0.393244078125 0.4717746765625 0.39110714375 0.46904681875 0.354947921875 0.46016090781249996 0.3190609765625 0.45491073125000003 0.319941978125 0.4618696171875 0.37040506875
1 0.24256259687499998 1 0.2411728921875 0.850429953125 0.229104409375 0.8256862515625001 0.2261612859375 1 0.24256259687499998 1