0 0.8953125 0.4890625 0.209375 0.253125
0 0.93125 0.1984375 0.1375 0.175
0 0.659375 0.1765625 0.11875 0.2140625
0 0.48125 0.20703125 0.1953125 0.3453125
0 0.32890625 0.1015625 0.18125 0.203125
0 0.15078125 0.16328125 0.1890625 0.3265625
0 0.234375 0.66875 0.171875 0.1640625
0 0.62109375 0.6640625 0.209375 0.2359375
1 0.819699684375 1 0.822192728125 0.99682946875 0.8810401656250001 0.6630890640625 0.858349396875 0.6478055515625 0.8352566265625001 0.717070040625 0.8046671968749999 0.931685396875 0.7938343296875 0.8902864562499999 0.809953078125 0.7577384125 0.7946383265625 0.72119045625 0.7562308078125 0.7539069875 0.7132810843749999 0.8535177109375001 0.7624191921875 1 0.819699684375 1
1 0.770882453125 0.48571003749999997 0.8106566859375001 0.36297435 0.799823815625 0.32157541093750003 0.752171175 0.32445548281250003 0.775324265625 0.1931477828125 0.7535982078125001 0.1723931140625 0.6861286828125001 0.4933306953125 0.69151495625 0.545051771875 0.7266866624999999 0.5512534921875 0.770882453125 0.48571003749999997
1 0.5903813296875 0.2959275671875 0.574885615625 0.44550924687500004 0.591165078125 0.47658605 0.6193024421875 0.48154742656250005 0.6670154046875 0.41662414375 0.685344934375 0.3126722125 0.6667943703125 0.3150425078125 0.627643171875 0.45481182656249997 0.597576384375 0.460792759375 0.5854371265625 0.4473697625 0.6034853 0.3038794109375 0.5903813296875 0.2959275671875
1 0.3566198265625 0.9429427 0.3873096484375 0.953995403125 0.42571716875 0.921278871875 0.45839673750000004 0.8593460546875 0.5065116984375 0.7098747703125 0.49250333749999997 0.64535086875 0.435263896875 0.6408992703124999 0.46261751406249996 0.4652021640625 0.4354448609375 0.454769634375 0.3470933484375 0.8735678171875 0.3566198265625 0.9429427
1 0.2108280875 0.905953165625 0.231770396875 0.7460493500000001 0.21321983281249998 0.7484196421875 0.19205648749999998 0.8067418234374999 0.17758580625 0.8888091359375 0.192277521875 0.9083234593749999 0.2108280875 0.905953165625
1 0.3192175203125 0.27067910781250004 0.287562984375 0.265097559375 0.2696354546875 0.2845014875 0.233599428125 0.50943898125 0.23291607343749998 0.554448559375 0.25657155625 0.56426091875 0.2690524921875 0.555179125 0.3198405546875 0.2877127421875 0.3192175203125 0.27067910781250004
1 0 0.819225959375 0.03627595 0.8469686187500001 0.093234034375 0.8118817953124999 0.121773396875 0.73229516875 0.126898565625 0.3947233375 0.10420779531249999 0.379439825 0 0.6776093265625 0 0.819225959375