0 0.36640625 0.8765625 0.2484375 0.2109375
0 0.07890625 0.8390625 0.1578125 0.178125
0 0.14296875 0.5515625 0.2125 0.1125
0 0.22734375 0.39140625 0.3421875 0.184375
0 0.17421875 0.2140625 0.2 0.1765625
0 0.2796875 0.075 0.340625 0.15
0 0.74296875 0.3 0.159375 0.16875
0 0.61875 0.665625 0.2296875 0.203125
1 0.60284588125 0.88592633125 0.5298353796875 0.8864849546875 0.5373590296875 0.912788025 0.872949875 0.9599522421875 0.9084440453125 0.9469079875 0.9024115359374999 0.9099949031250001 0.7703078421875 0.8120853453124999 0.6623002203125 0.8221515531250001 0.6193163734375 0.8485693109374999 0.649343028125 0.87442844375 0.7803846765625 0.9000582015624999 0.8164098671875 0.9231538468749999 0.60284588125 0.88592633125
1 0.40270215625 0.7532086812500001 0.4786949375 0.7314300265625 0.4836654046875 0.6960633109375001 0.4361401890625 0.67495796875 0.11006118125 0.6399501328125 0.12308632187499999 0.6670263859375 0.2551220640625 0.6855827999999999 0.2376574765625 0.7300131640624999 0.27368266874999997 0.7531088109375 0.40270215625 0.7532086812500001
1 0.27255267656250004 0.6014758640625 0.26456595312500003 0.6183860390625 0.36909424999999996 0.6330765328125 0.445584078125 0.60776120625 0.44956045156249996 0.5794678328125 0.4250352859375 0.5543818828125 0.27798621562500003 0.522895903125 0.28149951875 0.5378157734375 0.42354414531250006 0.5649918984375 0.43255893749999996 0.580684953125 0.417579584375 0.6074319578125 0.27255267656250004 0.6014758640625
1 0.8546145218750001 0.5714769828125 0.9236146734374999 0.559535159375 0.9665985203125 0.5331174015625 0.9655704515625001 0.5005141734375 0.9025348609374999 0.4700159359375 0.47693199999999997 0.4246274625 0.4784571140625 0.4536940203125 0.654007725 0.4819725765625 0.6405534859375 0.5377861390625001 0.6975905421874999 0.5710478640625001 0.8546145218750001 0.5714769828125
1 0.8868885890625 0.3019167515625 0.8248810656250001 0.30402174375 0.8168943437499999 0.32093191875 0.9754434375000001 0.3504275953125 0.9834301625 0.3335174203125 0.9694109281250001 0.3135145109375 0.8868885890625 0.3019167515625
1 0.6363392906249999 0.2883435078125 0.634317128125 0.262813621875 0.591299309375 0.24955480625 0.3662352953125 0.2143175953125 0.3422411515625 0.225371546875 0.3377677296875 0.2572015921875 0.35377515000000004 0.26305781562499997 0.6238451703125001 0.2974071546875 0.6363392906249999 0.2883435078125
1 0.9532336328125 0.10927542500000001 0.884696553125 0.07800400468749999 0.507646978125 0.0863241015625 0.515170628125 0.112627171875 0.8378042828125001 0.21206827968750003 0.922314809375 0.2095193515625 0.973285378125 0.1661914203125 0.9532336328125 0.10927542500000001