0 0.39375 0.21171875 0.05 0.0296875
0 0.5140625 0.49140625 0.034375 0.03125
0 0.41953125 0.64140625 0.0375 0.040625
0 0.40625 0.80703125 0.0421875 0.0375
0 0.440609625 0.6561152421875 0.43736363593750005 0.6639999999999999 0.43817647031250007 0.6685055765625 0.47140106875 0.6685055765625 0.47464705937499996 0.6369665421875 0.446465240625 0.6341189593750001 0.440609625 0.6561152421875
0 0.507064171875 0.47646468437499995 0.5103048125 0.46294795468750005 0.4795240640625 0.46108921875000003 0.48032085625 0.477591078125 0.4916631015625 0.477591078125 0.507064171875 0.47646468437499995
0 0.4347967921875 0.32658364375 0.45276470625 0.3531301109375 0.4827486625 0.3480594796875 0.46005882343750004 0.3137063203125 0.4347967921875 0.32658364375
0 0.453604278125 0.7783234203125 0.427994653125 0.7821412640625 0.43010160468749997 0.8177472124999999 0.4641390375 0.8115501859375 0.453604278125 0.7783234203125
1 0.3508983953125 0.3604386609375 0.323925134375 0.3784572484375 0.3417379671875 0.368501859375 0.3533422453125 0.3625613390625 0.40035294062500004 0.353226765625 0.3973048125 0.350680296875 0.3484545453125 0.3566208171875 0.3093796796875 0.35789219375000003 0.31365240625 0.3617137546875 0.3508983953125 0.3604386609375
1 0.338074865625 0.4750037171875 0.369213903125 0.4822156140625 0.3930267375 0.4839144984375 0.3606684484375 0.500037175 0.3517593578125 0.509843865625 0.38020855625 0.4932490703125 0.39852406406249996 0.48476208125 0.4198930484375 0.4809442375 0.4198930484375 0.4775501859375 0.3918074859375 0.48052044687500006 0.351508021875 0.4750037171875 0.33868449218749996 0.4724572484375 0.338074865625 0.4750037171875
1 0.4559197859375 0.48985501875 0.438213903125 0.49409665468749997 0.3979144390625 0.4996133828125 0.36904278125 0.5128550187500001 0.363721925 0.5131895906249999 0.367144384375 0.5205390328124999 0.39058823593750003 0.5097955390625 0.42416577499999997 0.5004609671875 0.45286631093749996 0.49494423750000005 0.4559197859375 0.48985501875
1 0.3948609625 0.6506654281250001 0.28363636406250003 0.66923791875 0.2855668453125 0.6748513015625 0.3948609625 0.65491078125 0.3948609625 0.6506654281250001
1 0.28070588281250003 0.6626171000000001 0.2721336890625 0.6659405203125 0.35700534687499996 0.6481226765625 0.35700534687499996 0.6447249078125 0.31059893125000004 0.635390334375 0.31120855625 0.6387843859375 0.339909090625 0.646 0.28070588281250003 0.6626171000000001
1 0.246882353125 0.1865687734375 0.2969679140625 0.206684015625 0.30018181875 0.21243494375 0.244882353125 0.22196654218749998 0.25193582812500004 0.22488847656250002 0.2873155078125 0.21850185937500002 0.3199411765625 0.21339033437500002 0.31948663125 0.207962825 0.307534759375 0.20508921875000002 0.24826203281249998 0.18273605937499998 0.246882353125 0.1865687734375
1 0.27601604218750003 0.7873494421875 0.27555615 0.7889479546875 0.32196791406249997 0.8039553906249999 0.33024064218750004 0.8071486984374999 0.2619732625 0.8282602234375 0.267283421875 0.8346096656249999 0.3017486625 0.8247100375 0.33437433125 0.8097026015625 0.3398877 0.80810780625 0.3398877 0.8036356874999999 0.32886096249999996 0.8001226765625 0.277395721875 0.7876691453125 0.27601604218750003 0.7873494421875