0 0.628081084375 0.6075942796875 0.6533113703125 0.5980479515625 0.63254544375 0.5301256671875 0.6110241875 0.5407372171875 0.628081084375 0.6075942796875
0 0.4238797265625 0.577416496875 0.44522489375 0.570890625 0.42933132656249995 0.518905109375 0.40532514375 0.5255222546875 0.4238797265625 0.577416496875
0 0.32339779218750003 0.60355526875 0.35139504062500004 0.5940793234374999 0.32574632187499997 0.53040423125 0.2988657234375 0.5367844093749999 0.32339779218750003 0.60355526875
0 0.1794517203125 0.6402279875 0.20870435 0.6303682328125 0.18656926406250002 0.5647025875 0.155892078125 0.57208179375 0.1794517203125 0.6402279875
0 0.8114949578124999 0.45524531718750005 0.84391166875 0.4489998453125 0.8230319640625 0.38295039218750004 0.7936102375 0.39141189062500004 0.8114949578124999 0.45524531718750005
1 0.7877593 0.2795167578125 0.799980696875 0.2611082765625 0.7895207015625 0.25405951718750003 0.780620440625 0.28536463749999996 0.765485725 0.2560660953125 0.7569520765625 0.2595968125 0.7767661484375 0.2929626984375 0.7957371531249999 0.3550140609375 0.8020140578125 0.35309501875 0.78683633125 0.2944709640625 0.7877593 0.2795167578125
1 0.5727717828125 0.40942571875 0.5800750015625 0.41086360156249996 0.590630209375 0.3645421921875 0.579531909375 0.36225944062500004 0.574089684375 0.39802147187500003 0.548254909375 0.367412625 0.5403474453125 0.37074650781249996 0.5727717828125 0.40942571875
1 0.442785328125 0.3794825296875 0.42780859531250004 0.33494620468749997 0.420071625 0.3231624546875 0.4371851875 0.39036333125 0.50278834375 0.49042084218750004 0.4892548671875 0.45513478437500005 0.442785328125 0.3794825296875
1 0.49804660624999997 0.34241746875 0.4901879734375 0.3099780765625 0.4822322984375 0.3216059890625 0.487256890625 0.347548871875 0.49804660624999997 0.34241746875
1 0.3857486390625 0.3703307171875 0.3912573390625 0.30432032656249997 0.3841275921875 0.30664564375 0.376511090625 0.360320940625 0.3491375984375 0.3246791703125 0.34562765781250004 0.32666859375 0.375498465625 0.3817168515625 0.39793427187499997 0.47755093593750003 0.4119408328125 0.4851863515625 0.3857486390625 0.3703307171875
1 0.29769934062500003 0.2800517609375 0.2871343796875 0.3105075109375 0.27182351875 0.29544973125 0.269599628125 0.2981725140625 0.288332371875 0.3244359625 0.29560091875 0.32153458281249997 0.2933848375 0.30928110468750003 0.3030352515625 0.284985628125 0.29769934062500003 0.2800517609375
1 0.276831171875 0.4035169359375 0.2839228484375 0.35452983125 0.278678871875 0.3512172453125 0.269075384375 0.40316069531250004 0.2491924765625 0.38813702031249997 0.24474100625 0.3935837140625 0.27065835625 0.4183351578125 0.30037377187500003 0.5038691765625 0.309785959375 0.4996332609375 0.276831171875 0.4035169359375
1 0.12146595468750002 0.4421662015625 0.1329203765625 0.40886201718750004 0.12658815625 0.40724585312499995 0.1146626359375 0.44492534531250005 0.10170580781250001 0.432549059375 0.0987376578125 0.4361785453125 0.11961185625 0.4611135125 0.1465605125 0.535920734375 0.1550758625 0.538761396875 0.12146595468750002 0.4421662015625