0 0.82109375 0.59609375 0.0546875 0.078125
0 0.6765625 0.56015625 0.059375 0.0890625
0 0.57578125 0.5484375 0.0375 0.05625
0 0.3703125 0.57109375 0.0484375 0.0796875
0 0.1796875 0.425 0.053125 0.08125
1 0.69957714375 0.45534282968750006 0.6958657078125 0.4542785921875 0.6830784078125001 0.49887320625 0.68678984375 0.49993744375000004 0.6796857890625 0.5247122296875 0.7019544 0.5310976515625 0.7133208890625 0.49145799375 0.7170323234375 0.4925222296875 0.7255571890625 0.46279248749999996 0.7218457546875 0.46172825156249997 0.7403163 0.3973138078125 0.7366048640625 0.3962495703125 0.7394464859375 0.38633965625 0.732023615625 0.3842111828125 0.7348652375 0.3743012671875 0.731153803125 0.3732370296875 0.730283990625 0.362262878125 0.7214403078125 0.3650893625 0.7185986859375 0.3749992765625 0.722310121875 0.3760635125 0.716626878125 0.3958833421875 0.7203383125 0.3969475796875 0.710392634375 0.4316322796875 0.7066812 0.43056804218750006 0.69957714375 0.45534282968750006
1 0.8483533640625 0.5248155640625 0.846932553125 0.529770521875 0.8580668578124999 0.5329632328125 0.8646199156250001 0.5241175546875 0.8683313500000001 0.5251817921875 0.8924851390624999 0.4409475203125 0.8961965749999999 0.44201175625 0.900459009375 0.42714688437500004 0.8767695859375 0.425716421875 0.8719561546874999 0.4565104 0.8682447203124999 0.4554461640625 0.8511949859374999 0.51490565 0.84748355 0.5138414140625 0.8446419281249999 0.523751328125 0.8483533640625 0.5248155640625
1 0.5297209421875 0.41736208281250003 0.52600950625 0.41629784687500004 0.5217470734375 0.4311627171875 0.5180356390624999 0.43009848125000005 0.5057993359374999 0.4587639859375 0.5020879015624999 0.45769975 0.49498384531250006 0.4824745359375 0.49869527968750005 0.48353877343749996 0.49727446875 0.4884937296875 0.5009859046875 0.4895579671875 0.502406715625 0.48460301093749997 0.5098295859374999 0.486731484375 0.5126712078125 0.47682157031249994 0.5163826421875 0.47788580625000004 0.519224265625 0.467975890625 0.5229357015625 0.46904012812499996 0.5257773234374999 0.45913021406250004 0.5294887578125 0.46019445000000003 0.5323303796875 0.45028453593749995 0.536041815625 0.4513487734375 0.5403042499999999 0.43648390312499996 0.5440156843749999 0.43754813906249995 0.5511197390625 0.41277335312499996 0.554831175 0.41383759062500003 0.56193523125 0.38906280312499997 0.565646665625 0.39012704062500003 0.5770131546874999 0.350487384375 0.5733017203124999 0.349423146875 0.5761433421875 0.3395132328125 0.5724319062500001 0.3384489953125 0.57156209375 0.32747484375 0.5678506578125 0.32641060624999996 0.5607466015625 0.35118539375 0.5570351671875 0.35012115625 0.547089490625 0.38480585624999997 0.5433780546875 0.38374161875 0.537694809375 0.4035614484375 0.533983375 0.4024972125 0.5297209421875 0.41736208281250003
1 0.6035441984375 0.34200793281249997 0.6072556328125 0.34307216875 0.6044140109375 0.352982084375 0.608125446875 0.35404632187499996 0.6052838234375 0.36395623593750004 0.608995259375 0.3650204734375 0.6047328249999999 0.37988534375 0.6084442609375 0.38094958125 0.58855290625 0.45031898124999997 0.592264340625 0.45138321875000004 0.5823186625 0.48606791875 0.5860300984375 0.48713215468750004 0.5817676640625 0.501997028125 0.5937717828125 0.516163890625 0.59519259375 0.5112089328125 0.598904028125 0.5122731703125 0.6116913296875001 0.4676785546875 0.60797989375 0.4666143171875 0.6179255718750001 0.4319296171875 0.6142141359375 0.43086538125 0.63268468125 0.3664509375 0.6363961171875 0.36751517499999997 0.6420793609375 0.34769534375 0.6457907953124999 0.34875958125 0.6543156625 0.31902983906250004 0.6468927921875001 0.31690136406249997 0.6403397359375 0.3257470421875 0.6292054296875 0.32255433125 0.62778461875 0.3275092890625 0.6203617484375 0.32538081406249997 0.6217825593749999 0.3204258578125 0.6157805 0.3133424265625 0.618622121875 0.30343251250000003 0.6111992515625 0.30130403906250003 0.6083576296875 0.311213953125 0.6046461953125 0.31014971562500004 0.6032253843750001 0.3151046734375 0.60693681875 0.31616890937500003 0.602674384375 0.33103378125 0.6063858203125 0.33209801875 0.6035441984375 0.34200793281249997
1 0.42034969687499996 0.364550909375 0.4129268265625 0.3624224359375 0.4072435828125 0.382242265625 0.41095501875 0.383306503125 0.40811339531249996 0.3932164171875 0.41182483124999997 0.394280653125 0.4089832078125 0.4041905671875 0.41269464375 0.40525480468749997 0.40985302187499995 0.41516471875 0.41356445624999993 0.41622895625 0.4121436453125 0.4211839125 0.42327795 0.42437662343750004 0.42754038281250006 0.40951175156249997 0.43125181875 0.41057598906250004 0.4326726296875 0.4056210328125 0.43638406406249997 0.40668526875 0.43780487656249994 0.40173031249999996 0.4466485578125 0.398903828125 0.44949017968750005 0.3889939140625 0.453201615625 0.3900581515625 0.4574640484375 0.375193278125 0.45375261250000004 0.3741290421875 0.4551734234375 0.369174084375 0.4514619890625 0.3681098484375 0.45004117812500005 0.3730648046875 0.4426183078125 0.37093633125 0.441197496875 0.3758912890625 0.43377462656250004 0.373762815625 0.43235381562499997 0.3787177734375 0.4212195109375 0.3755250625 0.42034969687499996 0.364550909375
1 0.1871669140625 0.35131050468749997 0.19087835 0.3523747421875 0.188036728125 0.36228465625 0.206593903125 0.367605840625 0.2080147140625 0.362650884375 0.21172615 0.36371512031250003 0.233038315625 0.2893907625 0.23674974999999998 0.290455 0.2424329953125 0.270635171875 0.23872156093750002 0.269570934375 0.2415631828125 0.2596610203125 0.21929457187499998 0.2532755984375 0.21787376093750002 0.25823055625 0.201607209375 0.258928565625 0.197344775 0.2737934375 0.203346834375 0.2808768671875 0.197663590625 0.300696696875 0.201375025 0.3017609328125 0.1871669140625 0.35131050468749997