1 0 0.75555555625 0.337777778125 0.737777778125 0.3288888890625 0.6933333328125 0 0.7022222218749999 0 0.75555555625
1 0 0.6266666671875 0.3333333328125 0.6133333328125 0.32444444375 0.5733333328125 0 0.5866666671874999 0 0.6266666671875
1 0 0.5066666671875 0.3288888890625 0.497777778125 0.3333333328125 0.4711111109375 0.3288888890625 0.4533333328125 0 0.462222221875 0 0.5066666671875
1 0 0.37333333281250003 0.337777778125 0.35555555625 0.3333333328125 0.32 0 0.3288888890625 0 0.37333333281250003
1 0 0.2488888890625 0.3333333328125 0.24444444375000002 0.32444444375 0.20444444375 0.12444444375 0.20444444375 0.1111111109375 0.222222221875 0 0.20444444375 0 0.2488888890625
1 0 0.8800000000000001 0.3288888890625 0.862222221875 0.3288888890625 0.8266666671875 0.31555555625 0.8222222218749999 0 0.8355555562499999 0 0.8800000000000001
0 0.6421875 0.85 0.378125 0.20625
0 0.64453125 0.67421875 0.38125 0.13125
0 0.6375 0.54609375 0.378125 0.1234375
0 0.640625 0.42265625 0.3828125 0.1171875
0 0.64140625 0.296875 0.384375 0.13125
0 0.6390625 0.16484375 0.371875 0.115625