0 0.4087045015625 0.3992975546875 0.43242021875000003 0.40294916875000003 0.4567956625 0.338399634375 0.430652671875 0.33174803124999996 0.4087045015625 0.3992975546875
0 0.5687319140625 0.525047728125 0.592192065625 0.5333966593749999 0.6067583546875001 0.4802449140625 0.5855303328125 0.4733475109375 0.5687319140625 0.525047728125
0 0.6601794062499999 0.575042115625 0.685858225 0.5852338578125 0.704060921875 0.5164673546875 0.6756917390625 0.5081710328125 0.6601794062499999 0.575042115625
0 0.7938593078125 0.6267752265625 0.8232211250000001 0.638326246875 0.8430092484375 0.5689908984375001 0.8133915734375 0.5602889171875 0.7938593078125 0.6267752265625
0 0.168250809375 0.41059790312500005 0.1972049921875 0.4205422578125 0.21916803749999997 0.35799472187500003 0.189031565625 0.3445172515625 0.168250809375 0.41059790312500005
1 0.121772859375 0.535400396875 0.14701940625 0.5148617234375 0.14261208593750002 0.5475426 0.1516275765625 0.54954510625 0.1545347265625 0.5108484875 0.1745857875 0.449137665625 0.1683433328125 0.44710936874999996 0.147150821875 0.5038369687500001 0.13781738906250002 0.5155573437500001 0.1172475359375 0.523626784375 0.121772859375 0.535400396875
1 0.348064671875 0.5589771875 0.355846534375 0.56721283125 0.380816803125 0.5410398234375 0.384422896875 0.5809313406250001 0.39281255000000004 0.58273591875 0.388437571875 0.532453928125 0.3832798609375 0.527087128125 0.348064671875 0.5589771875
1 0.4640436421875 0.6907018703125 0.48856987187499995 0.625838196875 0.49222154375000005 0.5062474578125 0.48306826718749996 0.5429145875 0.47774153437500005 0.6315391203125 0.46446476875 0.6766114421875 0.4640436421875 0.6907018703125
1 0.41223184843749994 0.656322953125 0.42299616875 0.6321898015625 0.4112145 0.6302044734375001 0.39904544531249997 0.6612847953125 0.41223184843749994 0.656322953125
1 0.48401361718749997 0.7248483 0.521039575 0.685248715625 0.5230193484375001 0.730145534375 0.527035609375 0.7305291140625 0.534141259375 0.6683030296875 0.5707310953125 0.57693169375 0.5636370875 0.56264329375 0.5192139906250001 0.671750746875 0.476839521875 0.7226636328125 0.48401361718749997 0.7248483
1 0.5695860171875 0.7984344250000001 0.5729694453125 0.797479621875 0.572688575 0.7652212046875 0.5650703671875 0.7634288078125 0.55985736875 0.7747373625 0.5380169 0.7891038015625 0.5395578703125 0.7962059406249999 0.5656808812499999 0.7773178640625 0.5695860171875 0.7984344250000001
1 0.595957371875 0.74882028125 0.633617628125 0.7117790328125 0.6412875265625 0.735490075 0.6480580515625001 0.7335816625 0.6410246468749999 0.6984408859375 0.6657435015625001 0.6113314562500001 0.6556038671875 0.60940270625 0.6274687890624999 0.70703868125 0.5935617796875 0.7430989484375 0.595957371875 0.74882028125
1 0.7526794828125001 0.790159984375 0.7840603640625 0.7661349484375 0.7875752312500001 0.783704740625 0.7920883843750001 0.7824340984375 0.789291353125 0.7500356218750001 0.810123965625 0.67330001875 0.8047779359374999 0.6660888796875 0.7769048328125 0.764492884375 0.748419425 0.7852040859375 0.7526794828125001 0.790159984375