1 0 0.39200329218749996 0.29514294375 0.342868284375 0.29538811875 0.297544328125 0 0.3389911953125 0 0.39200329218749996
1 0 0.509212371875 0.313677234375 0.46151158593749997 0.31477045000000003 0.42055041875 0 0.46876986093750006 0 0.509212371875
1 0.016394748437500002 0.6324881921875 0.3409371015625 0.5784588078125 0.341907728125 0.56015961875 0.3324567015625 0.5348309328124999 0.0079143484375 0.5888603156250001 0.016394748437500002 0.6324881921875
1 0.36831955625 0.6727440515625001 0.0333555484375 0.7197439421875 0.041835946875 0.763371815625 0.3707410875 0.7084943921875 0.36831955625 0.6727440515625001
1 0.3851577671875 0.7826617796875001 0.057100667187499995 0.841901990625 0.0655810671875 0.8855298656249999 0.17125859375000002 0.846877715625 0.187739115625 0.861784746875 0.384064553125 0.823622946875 0.3851577671875 0.7826617796875001
1 0 0.2577392796875 0.257461421875 0.21889156718749997 0.26970174375 0.21198465937500002 0.2629174234375 0.177082359375 0 0.21359295937499997 0 0.2577392796875
0 0.57265625 0.13359375 0.4109375 0.2671875
0 0.60859375 0.3015625 0.4 0.2015625
0 0.6265625 0.42890625 0.3953125 0.19375
0 0.653125 0.54921875 0.3984375 0.1875
0 0.67734375 0.67265625 0.403125 0.2015625
0 0.70078125 0.80234375 0.3875 0.184375