0 0.6453125 0.2296875 0.053125 0.0359375
0 0.4875 0.48984375 0.0390625 0.0359375
0 0.56015625 0.6515625 0.0421875 0.0453125
0 0.55 0.8171875 0.046875 0.04375
0 0.5048691640625 0.6708458937499999 0.5377704234375 0.6754698640625 0.539202403125 0.6711212609375 0.53708535 0.6628614828125 0.5343480109375001 0.6402643218749999 0.5060441484375 0.639162040625 0.5048691640625 0.6708458937499999
0 0.522606346875 0.48054796718750004 0.525692 0.46431759531249994 0.49495212187500004 0.46187439062499996 0.49628005937499997 0.4757105859375 0.5113744828125 0.4789694328125 0.522606346875 0.48054796718750004
0 0.5672159406249999 0.3611333203125 0.5887035468749999 0.337345853125 0.5654795406249999 0.3210780546875 0.5382294828124999 0.3519390765625 0.5672159406249999 0.3611333203125
0 0.532038121875 0.7894166921875 0.50720906875 0.7820718328125 0.49215256093750004 0.8135090828125 0.524996284375 0.8243828953125 0.532038121875 0.7894166921875
1 0.6670737421874999 0.3825477953125 0.7037797968749999 0.38899411875 0.7085428 0.38580439843750003 0.6700251500000001 0.379107225 0.6224770515625 0.3664258734375 0.6191041875 0.3685233421875 0.66435825625 0.384309696875 0.6750228421875 0.3918074078125 0.6912767984375 0.40414497968749996 0.6670737421874999 0.3825477953125
1 0.6098506218749999 0.4957675078125 0.5824517671875 0.4889173984375 0.58197940625 0.4922784203125 0.6026090875000001 0.499033096875 0.6195651890625 0.5099865171875 0.6454279734374999 0.530379175 0.6379704125 0.5194280171875 0.608170875 0.49895884218750003 0.631988403125 0.500590596875 0.6638281 0.497782603125 0.66357880625 0.495176071875 0.650525675 0.49591306875 0.6098506218749999 0.4957675078125
1 0.5450631375 0.49608852968750006 0.5473786140625 0.50155318125 0.5750320578125 0.511010565625 0.6069837 0.524927384375 0.62870419375 0.5388290765625 0.633116190625 0.5320274734375 0.6278936796875 0.5309556375 0.601145878125 0.513824709375 0.5620063859375 0.5027530687499999 0.5450631375 0.49608852968750006
1 0.6907046343750001 0.6977029046875 0.58314725625 0.6638316890625 0.5825564171875001 0.6680357265625 0.6880117078125 0.7029929874999999 0.6907046343750001 0.6977029046875
1 0.702554275 0.696038459375 0.6945280359375 0.6915543640624999 0.6382136421875 0.6668594859375 0.667639084375 0.6637084359375 0.6687151375 0.660432259375 0.621461225 0.6632174640625 0.620988346875 0.6665821656250001 0.702554275 0.696038459375
1 0.7913296375 0.26017785937500004 0.737894884375 0.2430428234375 0.7418778875 0.2377951515625 0.79427551875 0.2248462328125 0.7934426765625 0.220858803125 0.7316358296875001 0.23474525468750002 0.7194003437500001 0.23592751562499997 0.7181948593749999 0.24123894531249998 0.74979163125 0.25084134062499996 0.7839381515625 0.262089703125 0.7913296375 0.26017785937500004
1 0.616296178125 0.8229640515625001 0.6156737796875 0.827392646875 0.6209115390625 0.829739234375 0.651131065625 0.849141234375 0.68388313125 0.8637411546875 0.690025284375 0.8581925359374999 0.625360434375 0.8277854843749999 0.633997075 0.8257745953125 0.6820457953125 0.8173724796874999 0.6818128484375 0.8157255187500001 0.6804021015624999 0.815850096875 0.6277045203125 0.821019853125 0.616296178125 0.8229640515625001