0 0.13125 0.60703125 0.03828125 0.05859375
0 0.3546875 0.78125 0.03828125 0.0984375
0 0.54921875 0.8875 0.04140625 0.10390625
0 0.83359375 0.50703125 0.03828125 0.096875
0 0.69140625 0.46484375 0.03125 0.0640625
0 0.48359375 0.43359375 0.025 0.05234375
0 0.35234375 0.42265625 0.01796875 0.0203125
1 0.1797953671875 0.373649484375 0.136702703125 0.4895257734375 0.11306563750000001 0.40622680468750005 0.10387644843749999 0.4088556703125 0.13342084999999998 0.5202164953125 0.1892239375 0.383427834375 0.1797953671875 0.373649484375
1 0.3573011578125 0.70084020625 0.35532818593750004 0.6806752578124999 0.330297296875 0.6208608250000001 0.34942085 0.7113659796875 0.3691158296875 0.7166237109375 0.41179150625 0.6420927828125 0.4058841703125 0.63420103125 0.3573011578125 0.70084020625
1 0.614007721875 0.6289432984375 0.5654247109375 0.7552061859375 0.5438339765625 0.646108246875 0.535880309375 0.6473556703125001 0.561482625 0.7762474234375001 0.5765830109375 0.7657268046875 0.620571428125 0.6306958765624999 0.614007721875 0.6289432984375
1 0.3382586875 0.287891753125 0.3369459453125 0.3001649484375 0.3513899609375 0.40976804062500005 0.3573011578125 0.40976804062500005 0.37962162187500004 0.3291030921875 0.4032586875 0.293149484375 0.39144015468750004 0.29052061875 0.384216215625 0.2949020625 0.35598841718749996 0.39135567031249996 0.34022779999999997 0.2913969078125 0.3382586875 0.287891753125
1 0.9133899609375 0.2817525765625 0.842482625 0.3852164953125 0.8117413125 0.2863350515625 0.801119690625 0.2835051546875 0.83591891875 0.403628865625 0.8451081078125 0.403628865625 0.9179845562500001 0.28438144374999996 0.9133899609375 0.2817525765625
1 0.663903475 0.2913969078125 0.654710425 0.2922731953125 0.694104246875 0.38696907187499996 0.7039536671875 0.3860927828125 0.72430501875 0.3518969078125 0.7368841703125 0.3021134015625 0.7223359078125 0.34049999999999997 0.707235521875 0.3580360828125 0.6986988421875 0.3694329890625 0.6947606171875 0.35978865937500004 0.663903475 0.2913969078125
1 0.47876061718749996 0.315948453125 0.4820424703125 0.3527731953125 0.491235521875 0.387850515625 0.497799228125 0.387850515625 0.5037065640625 0.3676804125 0.5161814671875 0.33611340156249997 0.5414710421875 0.29370103125 0.5352239375 0.287891753125 0.5161814671875 0.3185773203125 0.493861003125 0.365051546875 0.48401158281249995 0.315072165625 0.47876061718749996 0.315948453125
1 0.9901235515625 0.8707061859375 0.9802779921875 0.8996443296875001 0.9697722000000001 0.9785567015625001 0.9310347484375001 0.909288659375 0.862169884375 0.7197474234375 0.858814671875 0.747072165625 0.9211891890624999 0.93384020625 0.96057915 1 0.988154440625 0.9995979374999999 0.9901235515625 0.8707061859375