0 0.59609375 0.17890625 0.078125 0.0546875
0 0.56015625 0.3234375 0.0890625 0.059375
0 0.5484375 0.42421875 0.05625 0.0375
0 0.57109375 0.6296875 0.0796875 0.0484375
0 0.425 0.8203125 0.08125 0.053125
1 0.45534282968750006 0.30042285625 0.4542785921875 0.3041342921875 0.49887320625 0.3169215921875 0.49993744375000004 0.31321015625 0.5247122296875 0.3203142109375 0.5310976515625 0.2980456 0.49145799375 0.2866791109375 0.4925222296875 0.2829676765625 0.46279248749999996 0.2744428109375 0.46172825156249997 0.2781542453125 0.3973138078125 0.25968369999999996 0.3962495703125 0.2633951359375 0.38633965625 0.2605535140625 0.3842111828125 0.267976384375 0.3743012671875 0.2651347625 0.3732370296875 0.268846196875 0.362262878125 0.269716009375 0.3650893625 0.2785596921875 0.3749992765625 0.2814013140625 0.3760635125 0.277689878125 0.3958833421875 0.283373121875 0.3969475796875 0.2796616875 0.4316322796875 0.289607365625 0.43056804218750006 0.2933188 0.45534282968750006 0.30042285625
1 0.5248155640625 0.1516466359375 0.529770521875 0.153067446875 0.5329632328125 0.1419331421875 0.5241175546875 0.135380084375 0.5251817921875 0.13166865 0.4409475203125 0.1075148609375 0.44201175625 0.10380342499999999 0.42714688437500004 0.099540990625 0.425716421875 0.12323041406249999 0.4565104 0.1280438453125 0.4554461640625 0.1317552796875 0.51490565 0.1488050140625 0.5138414140625 0.15251645 0.523751328125 0.155358071875 0.5248155640625 0.1516466359375
1 0.41736208281250003 0.47027905781249996 0.41629784687500004 0.47399049375 0.4311627171875 0.47825292656249996 0.43009848125000005 0.48196436093750006 0.4587639859375 0.4942006640625 0.45769975 0.4979120984375 0.4824745359375 0.5050161546874999 0.48353877343749996 0.5013047203125 0.4884937296875 0.5027255312500001 0.4895579671875 0.49901409531249996 0.48460301093749997 0.497593284375 0.486731484375 0.4901704140625 0.47682157031249994 0.48732879218749997 0.47788580625000004 0.4836173578125 0.467975890625 0.480775734375 0.46904012812499996 0.4770642984375 0.45913021406250004 0.47422267656250006 0.46019445000000003 0.47051124218749996 0.45028453593749995 0.46766962031250003 0.4513487734375 0.463958184375 0.43648390312499996 0.45969575 0.43754813906249995 0.455984315625 0.41277335312499996 0.4488802609375 0.41383759062500003 0.445168825 0.38906280312499997 0.43806476875 0.39012704062500003 0.434353334375 0.350487384375 0.4229868453125 0.349423146875 0.4266982796875 0.3395132328125 0.4238566578125 0.3384489953125 0.42756809375 0.32747484375 0.42843790625 0.32641060624999996 0.4321493421875 0.35118539375 0.43925339843750005 0.35012115625 0.44296483281250004 0.38480585624999997 0.452910509375 0.38374161875 0.4566219453125 0.4035614484375 0.462305190625 0.4024972125 0.46601662499999996 0.41736208281250003 0.47027905781249996
1 0.34200793281249997 0.39645580156250004 0.34307216875 0.3927443671875 0.352982084375 0.39558598906250003 0.35404632187499996 0.39187455312499997 0.36395623593750004 0.3947161765625 0.3650204734375 0.391004740625 0.37988534375 0.39526717499999997 0.38094958125 0.3915557390625 0.45031898124999997 0.41144709375 0.45138321875000004 0.407735659375 0.48606791875 0.4176813375 0.48713215468750004 0.4139699015625 0.501997028125 0.41823233593750003 0.516163890625 0.4062282171875 0.5112089328125 0.40480740624999995 0.5122731703125 0.40109597187499996 0.4676785546875 0.3883086703125 0.4666143171875 0.39202010625 0.4319296171875 0.38207442812500003 0.43086538125 0.3857858640625 0.3664509375 0.36731531875 0.36751517499999997 0.3636038828125 0.34769534375 0.3579206390625 0.34875958125 0.3542092046875 0.31902983906250004 0.3456843375 0.31690136406249997 0.3531072078125 0.3257470421875 0.3596602640625 0.32255433125 0.3707945703125 0.3275092890625 0.37221538125000003 0.32538081406249997 0.3796382515625 0.3204258578125 0.37821744062499996 0.3133424265625 0.3842195 0.30343251250000003 0.381377878125 0.30130403906250003 0.3888007484375 0.311213953125 0.3916423703125 0.31014971562500004 0.3953538046875 0.3151046734375 0.396774615625 0.31616890937500003 0.39306318125 0.33103378125 0.397325615625 0.33209801875 0.3936141796875 0.34200793281249997 0.39645580156250004
1 0.364550909375 0.579650303125 0.3624224359375 0.5870731734375 0.382242265625 0.5927564171874999 0.383306503125 0.58904498125 0.3932164171875 0.5918866046875 0.394280653125 0.5881751687500001 0.4041905671875 0.5910167921875 0.40525480468749997 0.58730535625 0.41516471875 0.590146978125 0.41622895625 0.5864355437500001 0.4211839125 0.5878563546875 0.42437662343750004 0.57672205 0.40951175156249997 0.5724596171874999 0.41057598906250004 0.5687481812499999 0.4056210328125 0.5673273703125 0.40668526875 0.5636159359375 0.40173031249999996 0.5621951234375 0.398903828125 0.5533514421875 0.3889939140625 0.5505098203125 0.3900581515625 0.546798384375 0.375193278125 0.5425359515625 0.3741290421875 0.5462473875 0.369174084375 0.5448265765625 0.3681098484375 0.5485380109375 0.3730648046875 0.549958821875 0.37093633125 0.5573816921875 0.3758912890625 0.558802503125 0.373762815625 0.5662253734375 0.3787177734375 0.567646184375 0.3755250625 0.5787804890625 0.364550909375 0.579650303125
1 0.35131050468749997 0.8128330859374999 0.3523747421875 0.80912165 0.36228465625 0.811963271875 0.367605840625 0.793406096875 0.362650884375 0.7919852859375001 0.36371512031250003 0.78827385 0.2893907625 0.766961684375 0.290455 0.76325025 0.270635171875 0.7575670046874999 0.269570934375 0.7612784390625 0.2596610203125 0.7584368171875 0.2532755984375 0.780705428125 0.25823055625 0.7821262390625 0.258928565625 0.798392790625 0.2737934375 0.802655225 0.2808768671875 0.796653165625 0.300696696875 0.8023364093750001 0.3017609328125 0.798624975 0.35131050468749997 0.8128330859374999