0 0.58671875 0.88984375 0.228125 0.184375
0 0.8828125 0.8890625 0.153125 0.1625
0 0.84765625 0.59453125 0.2046875 0.0875
0 0.78359375 0.42578125 0.3296875 0.146875
0 0.85859375 0.25625 0.1828125 0.15625
0 0.771875 0.0921875 0.3265625 0.140625
0 0.28359375 0.271875 0.14375 0.153125
0 0.36171875 0.65 0.2109375 0.1796875
1 0.30613880312499997 0.853437175 0.3390930796875 0.83143011875 0.2996491421875 0.7999708640625001 0.1936733546875 0.7768168703125 0.050622168749999995 0.857897234375 0.040136051562500004 0.8937999968750001 0.0737759578125 0.911072671875 0.4126132328125 0.9051582453125 0.4232863421875 0.8799681375 0.350888128125 0.870515934375 0.134379121875 0.881439059375 0.1729504375 0.86290593125 0.30613880312499997 0.853437175
1 0.565714225 0.7631789265625 0.6937841921875 0.7788033203125 0.7323555078124999 0.7602701921875 0.7204357984375 0.7140426062499999 0.8537488249999999 0.71171561875 0.86997664375 0.6864285531250001 0.542061796875 0.6814364125 0.49231873281249994 0.6965925703125 0.49294203281250004 0.7323014171875 0.565714225 0.7631789265625
1 0.71756861875 0.5497819140625 0.5677784546875 0.5631124296875 0.5403788859375 0.5850225265625 0.5408775265625 0.613589603125 0.6137120484375 0.6480379984375 0.719251528125 0.6461958 0.71338516875 0.628438334375 0.5687134046875 0.6166756984374999 0.5571053453125 0.5883025375 0.56796544375 0.5738250828125 0.712263228125 0.5641624109375 0.71756861875 0.5497819140625
1 0.037837178124999996 0.443771575 0.0328434375 0.47600649375000004 0.072287375 0.5074657515625 0.13931786875000002 0.527727565625 0.2952237109375 0.5464380546875 0.35588920625 0.520375325 0.349337215625 0.4633381296875 0.5270255875000001 0.4566645953125 0.53208165625 0.42800056093750005 0.10411971093750001 0.42118277343750005 0.037837178124999996 0.443771575
1 0.0463287359375 0.29360050625 0.20729064843749997 0.283646959375 0.20142429062499997 0.26588949375 0.1401354953125 0.25624337656249996 0.056814854687500006 0.25769774375 0.040462375 0.2758430390625 0.0463287359375 0.29360050625
1 0.6906126968749999 0.278782515625 0.6900517265625 0.24664455312500003 0.6675835703125 0.2327488453125 0.4399028140625 0.240295 0.3955897984375 0.2482124328125 0.3904713984375 0.2733055828125 0.401767809375 0.283824321875 0.6740109000000001 0.282644271875 0.6906126968749999 0.278782515625
1 0.169599290625 0.0342667828125 0.0977620484375 0.056952542187499997 0.07092345156249999 0.1110006 0.11623374687500002 0.16021732187499999 0.199803709375 0.17304649375 0.5321513234374999 0.11366575625 0.5428244328125 0.08847564687500001 0.169599290625 0.0342667828125