0 0.48828125 0.80703125 0.05625 0.04375
0 0.51640625 0.50390625 0.0421875 0.040625
0 0.3796875 0.390625 0.0484375 0.05
0 0.315625 0.23671875 0.0515625 0.0484375
0 0.4207297125 0.3485792296875 0.3891312421875 0.3588461953125 0.389750490625 0.3633824328125 0.39527413437500003 0.3698782171875 0.40764038124999996 0.38898844062500004 0.43356293125 0.3775715671875 0.4207297125 0.3485792296875
0 0.48820875937499997 0.527393340625 0.4925503203125 0.5433337640625 0.5212501703125 0.5320542265625 0.5139912390625 0.520200465625 0.49899587656250005 0.52388839375 0.48820875937499997 0.527393340625
0 0.5004618578125 0.6542780734375 0.49157666562499996 0.6850776546875 0.5195815968749999 0.6895183203124999 0.53054520625 0.649834978125 0.5004618578125 0.6542780734375
0 0.3443324 0.25391858749999996 0.3698683796875 0.2496357640625 0.3696198953125 0.2147798125 0.3353333875 0.219404234375 0.3443324 0.25391858749999996
1 0.40132277343749995 0.6788056499999999 0.36550570625 0.6891026078125 0.36262302968750004 0.6940574734375 0.4001783125 0.6831918265625 0.44847339843749995 0.6737460343749999 0.45058543906250004 0.6703822749999999 0.40299106875 0.676031671875 0.390119021875 0.673967821875 0.37010162812499997 0.6700041515625 0.40132277343749995 0.6788056499999999
1 0.4031223171875 0.55195948125 0.4307511359375 0.5461054515625 0.429702315625 0.5428775171875 0.408199425 0.5458499109375 0.38815771875 0.5434381078125 0.35597285 0.5364468046875001 0.36747633281250003 0.5430204625 0.403233075 0.5483547765625 0.3811107078125 0.5573290828124999 0.353724321875 0.5738104953125001 0.3550910140625 0.5760439468749999 0.3665000125 0.569659421875 0.4031223171875 0.55195948125
1 0.46121219687500004 0.5232699859375 0.45673551406249996 0.5193734265625001 0.42773491874999997 0.5229956578125 0.392916240625 0.5244939828125 0.367299890625 0.5215208625 0.366316040625 0.5295681953125 0.3714798640625 0.5282421562499999 0.4030303328125 0.53191386875 0.4430621640625 0.52470736875 0.46121219687500004 0.5232699859375
1 0.2419285609375 0.405905215625 0.35344865625 0.3891984125 0.35213676875 0.3851608421875 0.24202992656250003 0.39997001875 0.2419285609375 0.405905215625
1 0.23200781875 0.41259575000000004 0.241187453125 0.41310755625000006 0.30262801562499997 0.4106165609375 0.27756193281249997 0.42634797031250005 0.278030965625 0.4297642890625 0.319281546875 0.4065462109375 0.31823157968750004 0.40331474062500006 0.23200781875 0.41259575000000004
1 0.3432857625 0.8432612203125001 0.39882410625000003 0.8352378343750001 0.3975446359375 0.84170044375 0.3561263875 0.876308465625 0.358622915625 0.8795272484375 0.40808712187499996 0.8399518499999999 0.41856603437500006 0.83352555625 0.41732114062500003 0.8282232265625 0.3847127375 0.8334437640625 0.34909108906249997 0.8383026515625 0.3432857625 0.8432612203125001
1 0.25389556562500004 0.260702721875 0.25251360625 0.256449484375 0.2467772609375 0.25663646875 0.21111085312500003 0.2524454359375 0.17527330937500002 0.253680675 0.1721851328125 0.2613602828125 0.2436350890625 0.2603427546875 0.23675404375000003 0.2659361859375 0.1972513859375 0.294551128125 0.1981827359375 0.295929290625 0.1993960953125 0.2951988890625 0.24449409531250002 0.26745124374999996 0.25389556562500004 0.260702721875