0 0.54921875 0.196875 0.0546875 0.0390625
0 0.484375 0.49453125 0.0390625 0.0375
0 0.60625 0.6234375 0.0453125 0.046875
0 0.65078125 0.78359375 0.0484375 0.0453125
0 0.56022586875 0.659952721875 0.5928400375 0.65361316875 0.5927782328125 0.6490352765625 0.5880873984375 0.6419147484375001 0.5781422796875 0.621439903125 0.551021584375 0.6296125124999999 0.56022586875 0.659952721875
0 0.5150417578125001 0.47424783593750003 0.5126752078125 0.45789712656250003 0.482814653125 0.46559495625 0.4885748671875 0.4782450015625 0.5039079015625 0.4764120375 0.5150417578125001 0.47424783593750003
0 0.518343353125 0.34681560624999996 0.530915840625 0.3173284328125 0.503660834375 0.3095079234375 0.4879427640625 0.3475593453125 0.518343353125 0.34681560624999996
0 0.624517496875 0.7632182671875001 0.5986499140625 0.7643571140625001 0.5946486734375 0.7989835375000001 0.629243190625 0.798572059375 0.624517496875 0.7632182671875001
1 0.6197326296875 0.33455286875 0.6565376046875 0.32869766562499997 0.6600026406249999 0.3241310421875 0.6214031 0.3303388609375 0.5723168453125 0.3338285546875 0.5698106093749999 0.3369098484375 0.61773870625 0.33710285624999997 0.6302632859374999 0.34072003125 0.6496484234375 0.3470936625 0.6197326296875 0.33455286875
1 0.6024878390625 0.4602342359375 0.5743515343750001 0.462677525 0.57499915 0.46600921875 0.5967040046875 0.4656795234375 0.6163024 0.47051581875000004 0.6473953421875 0.48137735781249996 0.63677873125 0.47345077812499997 0.6019386046874999 0.46379857343750003 0.6249897671875 0.4575872 0.6541805984375 0.444566196875 0.6530962828125 0.44218283593749996 0.640994246875 0.44712936406250003 0.6024878390625 0.4602342359375
1 0.5413345828125 0.48163050937499996 0.545303025 0.48604359375 0.5745288937499999 0.48598264531249996 0.6092706390625 0.48873881875 0.634333715625 0.4948116265625 0.6362909546875 0.486944178125 0.63100401875 0.48763102031249994 0.6001361921874999 0.48014164218750005 0.5595245015625 0.48241577343750003 0.5413345828125 0.48163050937499996
1 0.74468054375 0.6248444140625 0.6319556562499999 0.62783580625 0.6327657078125 0.632003159375 0.743856615625 0.630723015625 0.74468054375 0.6248444140625
1 0.755342709375 0.6194127843749999 0.7462938718750001 0.6177860749999999 0.6850077015625 0.6127707828125 0.711804121875 0.6002114203125 0.71175493125 0.5967634046875 0.667982253125 0.6147812375 0.6686305781249999 0.6181165796875 0.755342709375 0.6194127843749999
1 0.6973791328125001 0.1783960578125 0.6412769593750001 0.17959121718749999 0.6433344859375 0.17333270781250001 0.688661665625 0.1440302640625 0.6865760171875 0.1405312234375 0.6326574828125 0.1737834609375 0.621473509375 0.17888479531249998 0.6220629328125 0.18429931875 0.6550645015625001 0.183091659375 0.69101278125 0.182610175 0.6973791328125001 0.1783960578125
1 0.71510700625 0.767506178125 0.7159603265625 0.77189613125 0.7216767015625 0.772409625 0.7565664984375 0.7809160609375 0.7922874531249999 0.7840575265624999 0.7962885187500001 0.7768115156250001 0.725247134375 0.7691139 0.7327585578125 0.76440075 0.775454053125 0.7408132609375 0.7746976 0.7393318703125 0.7734042718749999 0.7399089546875001 0.7252608375 0.761953709375 0.71510700625 0.767506178125