0 0.23788 0.715131146875 0.2621163640625 0.7138306015625 0.2629854546875 0.655267759375 0.239149090625 0.6529125687499999 0.23788 0.715131146875
0 0.10369818125000001 0.5654754093750001 0.1244763640625 0.5654754093750001 0.1270727265625 0.505612021875 0.10200363593749999 0.5045901640625 0.10369818125000001 0.5654754093750001
0 0.5088363640625 0.5251366125 0.5451963640625 0.51212021875 0.54 0.4743825140625 0.5092763640625 0.47804917968750005 0.5088363640625 0.5251366125
0 0.6274327265624999 0.6344480875 0.6681199999999999 0.6448579234375 0.6750472734375 0.608420765625 0.6339527265625 0.5998306015625 0.6274327265624999 0.6344480875
0 0.84901818125 0.601387978125 0.84818181875 0.613628415625 0.8455854546875001 0.6643770484375 0.86636 0.66698360625 0.8654945453125 0.60191256875 0.84901818125 0.601387978125
1 0.249890909375 0.6102349734375 0.25405090937499997 0.6102349734375 0.2558327265625 0.553972678125 0.264149090625 0.522715846875 0.2718727265625 0.451267759375 0.2694945453125 0.407508196875 0.2646545453125 0.4052185796875 0.2623672734375 0.5066393437500001 0.25286181874999997 0.5503989078125 0.22671999999999998 0.41822404375 0.2201854546875 0.42090710312499996 0.24870181875 0.5512950812499999 0.249890909375 0.6102349734375
1 0.67110181875 0.4941366125 0.6930836359375 0.412868853125 0.6883309093750001 0.40929508124999997 0.6550618187499999 0.5352185796875 0.6503963640625 0.403076503125 0.6479345453125 0.4994972671875 0.6526872734375 0.56022404375 0.6580327265625 0.5593333328125001 0.6580327265625 0.5343278687499999 0.67110181875 0.4941366125
1 0.35088727343750004 0.313732240625 0.370490909375 0.4164371578125 0.37168 0.40036612031249996 0.3566327265625 0.3109289625 0.35088727343750004 0.313732240625
1 0.8602545453125 0.5716338796875 0.8626581812499999 0.5716338796875 0.8886290906250001 0.49210382499999994 0.9415309093750001 0.3901693984375 0.9340145453125 0.386147540625 0.8828581812499999 0.49210382499999994 0.86217818125 0.552836065625 0.86361818125 0.3901693984375 0.8568872734375 0.393060109375 0.8578472734375 0.5672950812499999 0.8602545453125 0.5716338796875
1 0.82081818125 0.4053497265625 0.8366872734375 0.35184699531249997 0.8330036359375 0.34191256875 0.8193745453125001 0.4053497265625 0.82081818125 0.4053497265625
1 0.7789745453125 0.3742622953125 0.791 0.47258469999999997 0.7943636359374999 0.46246448124999995 0.7833636359375 0.3766065578125 0.7789745453125 0.3742622953125