0 0.75737948125 0.7207806765625 0.7518900937499999 0.6971383546875 0.6940660375000001 0.7064517984375 0.69588576875 0.730335009375 0.75737948125 0.7207806765625
0 0.6332977796875 0.8789114187499999 0.6296896859375 0.858448903125 0.5702849046875 0.8662871531249999 0.5736317718749999 0.89115283125 0.6332977796875 0.8789114187499999
0 0.5232203125 0.486932953125 0.50408781875 0.45338561562499996 0.46782577343750004 0.4650561203125 0.4767718375 0.494676284375 0.5232203125 0.486932953125
0 0.6102770578125 0.351156596875 0.613463475 0.30927980625 0.5763769703125 0.3087850203125 0.575053303125 0.3507469140625 0.6102770578125 0.351156596875
0 0.6018695078125 0.131120990625 0.600829003125 0.1102094328125 0.5368968265625 0.12236120625 0.5392412953125 0.1386783515625 0.5514410062499999 0.137376478125 0.6018695078125 0.131120990625
1 0.6519912437500001 0.7271672687499999 0.6512688671875 0.72307046875 0.5955519140625001 0.7310855671875001 0.5633258234375 0.7283232390625 0.491621996875 0.733123771875 0.4489402078125 0.7430645921875 0.44752583125 0.7482286499999999 0.5478029671875 0.7328696421875 0.5925483296875 0.73463191875 0.466920978125 0.7833285078125 0.4706979875 0.7892978703125 0.5941532656249999 0.7385731 0.6519912437500001 0.7271672687499999
1 0.5077573281250001 0.3411782765625 0.37843293437500003 0.3687190828125 0.473816340625 0.3544002109375 0.5327952390624999 0.33917459375000003 0.53098983125 0.3340650203125 0.50636425625 0.3384071734375 0.464514171875 0.33251576875 0.38066395000000003 0.32497990312499997 0.3779697734375 0.3302810046875 0.5077573281250001 0.3411782765625
1 0.34245522031250003 0.6791924265625 0.4401956828125 0.6420520921875 0.4241623171875 0.643671771875 0.33869684218749996 0.67402104375 0.34245522031250003 0.6791924265625
1 0.42473905156249997 0.118646215625 0.315166934375 0.0842488203125 0.3125113796875 0.0923493828125 0.4257411609375 0.1243294515625 0.4891417859375 0.1341492328125 0.3286963375 0.1609778796875 0.3327119421875 0.16710456406250002 0.504133190625 0.1359035625 0.5079880546875 0.1327794375 0.5075706671875 0.13041231874999998 0.42473905156249997 0.118646215625
1 0.351078184375 0.200491615625 0.295632640625 0.1941542625 0.286488796875 0.19950703125 0.35132886874999997 0.20191331875000001 0.351078184375 0.200491615625
1 0.32772911250000003 0.24709782812499997 0.42246957968750004 0.21818156093750002 0.411919021875 0.2166263828125 0.32927560312500004 0.24236834062499998 0.32772911250000003 0.24709782812499997