0 0.58125 0.125 0.0625 0.0421875
0 0.7703125 0.33515625 0.1015625 0.04375
0 0.88984375 0.521875 0.10625 0.0484375
0 0.53046875 0.83203125 0.1 0.04375
0 0.478125 0.69375 0.065625 0.0359375
0 0.4328125 0.48828125 0.0546875 0.028125
0 0.4125 0.3578125 0.021875 0.0203125
1 0.36203315625 0.1981126359375 0.4945959796875 0.1329035875 0.3814455109375 0.11119929218749999 0.3794640546875 0.12054947812500001 0.46420895 0.13831832187499998 0.351620921875 0.1893891359375 0.36203315625 0.1981126359375
1 0.670143346875 0.3430773296875 0.6903968015624999 0.34363886093749996 0.6273089359374999 0.39675204062499997 0.6355935390624999 0.40209448593749997 0.7069660078125 0.35432375 0.7003472328125 0.3350435078125 0.6087285515625 0.322279859375 0.670143346875 0.3430773296875
1 0.7591483140624999 0.54746305625 0.636581975 0.604735375 0.6387881453124999 0.6111608390625001 0.77042166875 0.55786029375 0.779863309375 0.5420628109375001 0.649499603125 0.5255138953125 0.6488100375 0.533535203125 0.7591483140624999 0.54746305625
1 0.2873250015625 0.39880516875 0.2834581484375 0.40631714375000005 0.2869050296875 0.4179235078125 0.3211222171875 0.3918360234375 0.40003367343749996 0.363943028125 0.399621328125 0.35804623125 0.28927766093749996 0.35128292499999997 0.277125934375 0.3534486046875 0.280759909375 0.3551684125 0.3815745828125 0.36391786718749997 0.2873250015625 0.39880516875
1 0.40938648281249995 0.849655246875 0.31112084218749997 0.9276071343750001 0.3140638078125 0.9320071578125001 0.4279371453125 0.8509899515624999 0.42729614062500004 0.8418231468749999 0.30503757343750004 0.8154880953125 0.308601503125 0.8258864390625 0.40938648281249995 0.849655246875
1 0.37283791875 0.716633609375 0.356397903125 0.732920465625 0.31911964843749996 0.750111003125 0.36790440625 0.734089771875 0.40059734375 0.7114026124999999 0.40078443750000003 0.7015160578125 0.3035712609375 0.668823846875 0.3033383828125 0.67805563125 0.3737160203125 0.7040668390625 0.383611575 0.7073227156249999 0.37283791875 0.716633609375
1 0.3649520390625 0.5032894859375 0.32014801875 0.52879745625 0.2908655359375 0.5499340578125 0.2970964390625 0.555760709375 0.3376413828125 0.5275742015625 0.36826129375 0.5129276828125 0.3879701875 0.5056277421875001 0.3875123265625 0.49908002500000004 0.351879178125 0.49235623593750005 0.314915209375 0.49165114218749995 0.3144073453125 0.49695044375 0.3649520390625 0.5032894859375
1 1 0.90898628125 0.9621640656249999 0.8899000296875 0.77149995625 0.840705734375 0.7444758234375 0.8459588515625001 0.9383591171875001 0.9014342359375 1 0.9304608171875 1 0.90898628125