0 0.12578125 0.36015625 0.2140625 0.25
0 0.1671875 0.0765625 0.18125 0.153125
0 0.4546875 0.1421875 0.115625 0.2140625
0 0.61328125 0.22890625 0.190625 0.3453125
0 0.79140625 0.17890625 0.1796875 0.2015625
0 0.925 0.28671875 0.15 0.3421875
0 0.69609375 0.74609375 0.1703125 0.1625
0 0.33203125 0.615625 0.20625 0.2328125
1 0.11233753906249999 0.5960948734375 0.113053209375 0.5230857421875 0.0866228390625 0.5301491953124999 0.033608937500000005 0.8648657999999999 0.046031746875 0.90058221875 0.083044490625 0.8951948484375001 0.1832446640625 0.7648200328125 0.1750649828125 0.65665318125 0.1494014203125 0.613214828125 0.1230221875 0.6427856046875 0.0951093421875 0.77335999375 0.0713884875 0.808976625 0.11233753906249999 0.5960948734375
1 0.24852796562499999 0.3982978734375 0.2689770453125 0.47465917031249993 0.3042516296875 0.48024611562499997 0.3261831859375 0.43309647656249994 0.366876553125 0.10767810468750001 0.339577103125 0.120228715625 0.318719175 0.25192049375000003 0.27460037656249997 0.23368315 0.250879521875 0.26929977968749996 0.24852796562499999 0.3982978734375
1 0.40250909375 0.27081632031249997 0.3857408828125 0.2625356890625 0.36922835625 0.36679168125 0.39320489531249997 0.44371167343750006 0.4214245609375 0.44818122968749996 0.44693471406249996 0.42409760937499996 0.480982259375 0.277620440625 0.4660033453125 0.28087282187499996 0.4363523390625 0.422421525 0.42050434531249997 0.4311610625 0.3940228390625 0.415717190625 0.40250909375 0.27081632031249997
1 0.4223450265625 0.8533130671875 0.43308081249999997 0.9225111234375 0.45874437500000004 0.9659494765625001 0.4913605796875 0.9654905687499999 0.5229542953124999 0.902996846875 0.5757636500000001 0.47825094687499997 0.5466749015625 0.47926854687500003 0.515336871875 0.654298890625 0.4597666203125 0.6398726203125 0.4255145265625 0.6963204921874999 0.4223450265625 0.8533130671875
1 0.6913009421874999 0.89028669375 0.6902784515625 0.8282518765625 0.673510240625 0.819971246875 0.6412519921875 0.977981425 0.6580202046875 0.9862620546875001 0.6782647359375 0.9725940546875 0.6913009421874999 0.89028669375
1 0.7092448078125 0.640012440625 0.734806096875 0.6384361453125 0.7488136562500001 0.595656275 0.7879734093749999 0.3712415140625 0.7773398984375001 0.34705810625 0.745592771875 0.34202985625000004 0.7394580734375 0.3579326328125 0.70040059375 0.6273620421875 0.7092448078125 0.640012440625
1 0.8827550484375 0.9599836875 0.9152178421875 0.8920028078125 0.913479434375 0.514865453125 0.8870490656250001 0.52192890625 0.78199236875 0.842777934375 0.783065996875 0.9273200750000001 0.8254977703125 0.9790390578125001 0.8827550484375 0.9599836875