0 0.614994734375 0.3473272890625 0.620863459375 0.3273752984375 0.576773575 0.313408228125 0.571384996875 0.33566688125 0.614994734375 0.3473272890625
0 0.5069974625 0.4762801 0.5134164203125 0.46213732187499995 0.4719884125 0.4530451484375 0.47043006875 0.4680663 0.5069974625 0.4762801
0 0.4362763671875 0.6924397109375 0.44077071874999996 0.681165075 0.401841184375 0.6721774843749999 0.396837378125 0.6852064 0.4362763671875 0.6924397109375
0 0.37182159531250003 0.7694167828125 0.37423225000000004 0.7562409671875 0.3414731875 0.7505720015625 0.3396387109375 0.7657663734375 0.37182159531250003 0.7694167828125
0 0.36866140625 0.8552053140625 0.3686180421875 0.8379458921875 0.3332733984375 0.8358738640625001 0.33716681875 0.8540221421874999 0.36866140625 0.8552053140625
1 0.581404328125 0.9141440828125 0.5341809843750001 0.8956433140625 0.51203346875 0.8905301578125 0.5125638984374999 0.893956565625 0.57037868125 0.9142410906249999 0.584680875 0.922827965625 0.5413094421875 0.9276809484375 0.510734971875 0.9255611515625001 0.5134473515625 0.9301681171875 0.56325370625 0.9317566765624999 0.5962209484375001 0.9281346781250001 0.5908533859375 0.9189680484375 0.581404328125 0.9141440828125
1 0.2798715796875 0.8462397015625 0.32201391562500004 0.84672035625 0.3227544703125 0.8416046671874999 0.307159715625 0.8290863984374999 0.2654498453125 0.8019483734374999 0.2485684703125 0.793095078125 0.24888179843749997 0.797461865625 0.2839772203125 0.822742090625 0.3093663734375 0.8404964906249999 0.2743451828125 0.8396788781250001 0.2509504078125 0.84187616875 0.226466028125 0.83257518125 0.22517197968749997 0.8372459890625 0.249191253125 0.8437817781250001 0.2798715796875 0.8462397015625
1 0.2397383140625 0.7226759796875 0.23943271249999998 0.7259076703125 0.307532584375 0.7512108765625001 0.241292696875 0.75234246875 0.2299020953125 0.7557512281250001 0.23023180000000001 0.7581390875 0.3042853390625 0.7557461453125 0.32855409999999996 0.7573853140625 0.3290771796875 0.7532116249999999 0.32157236875 0.74949629375 0.2397383140625 0.7226759796875
1 0.3880831171875 0.67301604375 0.357535228125 0.654730421875 0.30979745937500003 0.630825934375 0.3078769421875 0.635338471875 0.3405140640625 0.654104725 0.37776526875 0.6719552203125 0.33262733125 0.6711137125 0.30323026406250003 0.6647496625 0.298311784375 0.669137771875 0.32421881875 0.67511888125 0.38490836562499997 0.6772373140625 0.39202950937500003 0.676900353125 0.3880831171875 0.67301604375
1 0.33882700312499997 0.5889677234375 0.390932821875 0.5996760609375 0.39327154375 0.5952600734375 0.3473471125 0.5857282125000001 0.33882700312499997 0.5889677234375
1 0.363021646875 0.5635768421875 0.390663059375 0.5817745015625 0.39222327031250004 0.5788324593749999 0.35800220625 0.557387078125 0.348111215625 0.54684539375 0.33981188906250004 0.54658131875 0.363021646875 0.5635768421875
1 0.8097137312499999 0.47380298906249996 0.785444596875 0.47216543906249997 0.7497082546875 0.4649055578125 0.6967358 0.45796085781249996 0.7000628921875001 0.4607116875 0.7674264109375 0.473950334375 0.81978171875 0.479762053125 0.8256464734375 0.479133328125 0.8149773453125 0.470063971875 0.7681648515624999 0.44405965468749997 0.72675193125 0.423267346875 0.7160991828125 0.4122190609375 0.699021903125 0.40992843749999996 0.6967720546875 0.4120514953125 0.7099727640625 0.4216524625 0.7626276468750001 0.447075740625 0.8097137312499999 0.47380298906249996
1 0.8268040453125 0.605593359375 0.7658088984375 0.6067066156250001 0.745572871875 0.60665995 0.7449211859375 0.609482709375 0.7957672015624999 0.612301796875 0.8393233546875001 0.6104646734375 0.8610449421874999 0.607882803125 0.8619862250000001 0.6038056625 0.8080781 0.5837615890625 0.7539667203125 0.562680090625 0.7518766484375 0.5649372109375 0.7811900484375001 0.5782137609375 0.8256327359375 0.5954127984375 0.8478907 0.6038536984375 0.8268040453125 0.605593359375
1 0.53444326875 0.3220424921875 0.5683060734375001 0.327877625 0.5697380515625 0.3235830359375 0.5628521703125 0.3210028015625 0.538337003125 0.3070848625 0.49911819218750003 0.2825029484375 0.443424653125 0.2587444359375 0.436997084375 0.2599029921875 0.4775171109375 0.2788388890625 0.543557425 0.3168789953125 0.487876809375 0.3083185640625 0.4287327453125 0.297253709375 0.42138764999999995 0.298914759375 0.42080845624999996 0.30142351875 0.53444326875 0.3220424921875
1 0.294446296875 0.49225977031249996 0.358902709375 0.5028462546875 0.35363137031249997 0.4989867921875 0.30513008125 0.48955217656250005 0.2931701109375 0.48634944999999996 0.294446296875 0.49225977031249996
1 0.3136375046875 0.458701815625 0.3071516671875 0.45819494374999997 0.3113678625 0.46482493593749996 0.34286639218750004 0.4846086484375 0.34471620000000003 0.48041222812499995 0.3136375046875 0.458701815625
1 0.4718457 0.455915515625 0.426646078125 0.445811096875 0.40340746875000005 0.43780185781250003 0.371242509375 0.42079658750000004 0.3631529359375 0.41199203124999995 0.36046634843750003 0.415996971875 0.38482052499999997 0.43252022187500005 0.405935734375 0.44400294999999995 0.3966553921875 0.44417215624999995 0.382141290625 0.4441252609375 0.372093209375 0.45109165625000003 0.3932631609375 0.449335425 0.43751630625000004 0.4559173828125 0.4705423296875 0.46156103593750003 0.4718457 0.455915515625
1 0.2785490921875 0.5882331703125 0.31782265 0.589701784375 0.303687015625 0.5861075812500001 0.26322570624999997 0.584148240625 0.26047657343749997 0.588355253125 0.2785490921875 0.5882331703125