0 0.526545375 0.3228093265625 0.5337708906249999 0.30107740625 0.488979128125 0.289558075 0.4833831453125 0.3095882734375 0.526545375 0.3228093265625
0 0.54199900625 0.4885883625 0.548637453125 0.47502390781250003 0.5086863921875 0.46078100781250003 0.5066354468750001 0.47617629375000003 0.54199900625 0.4885883625
0 0.48934242499999997 0.7117317953125 0.49200323125 0.698031034375 0.454226415625 0.685023434375 0.4520631953125 0.6969665109375 0.48934242499999997 0.7117317953125
0 0.495159365625 0.810361203125 0.50165543125 0.796503521875 0.4708700765625 0.7839514171874999 0.46593230781250006 0.7964025953125 0.495159365625 0.810361203125
0 0.4504872171875 0.88651624375 0.46340614531249996 0.8731888296875001 0.43233418125 0.8562162000000001 0.42315130625 0.870830040625 0.4504872171875 0.88651624375
1 0.20093271875 0.8071600968749999 0.19152319375 0.812089465625 0.21756163437499998 0.8326310703124999 0.2606416265625 0.8576772421875001 0.265383175 0.8552076546875 0.23833123281250002 0.8408033453125 0.2041218609375 0.8137044250000001 0.22080115937499997 0.8140013484375 0.2805800359375 0.8274362640625 0.2828455859375 0.8248115890625 0.26135386718750003 0.817411396875 0.21150228593749998 0.8080763796875001 0.20093271875 0.8071600968749999
1 0.4891486140625 0.881270875 0.469289840625 0.8836230078125 0.46720696406249995 0.88835379375 0.5032004 0.9102782093749999 0.5305212921875 0.92445186875 0.5543542328125 0.9316374796875 0.55573196875 0.9269906703125 0.5300392640625 0.9219036109375001 0.51136375625 0.907642859375 0.48123083437499997 0.8897778328125 0.51217045625 0.8881754484375 0.5553295406250001 0.8853343421875 0.5579093015625001 0.881797134375 0.5389015515625 0.8803593890625001 0.4891486140625 0.881270875
1 0.5919835328125 0.8618697281250001 0.5935285109375 0.8600194265625 0.5856751 0.851092534375 0.5301001421875 0.8150310968750001 0.601260765625 0.8296601953125 0.6027141359375 0.8267576218749999 0.5191023218749999 0.8061370953125 0.5107690546875 0.8053109328125 0.5090009328125 0.8091276109375001 0.5304506359375 0.8205980015625001 0.5919835328125 0.8618697281250001
1 0.49782126250000003 0.70723565 0.503681775 0.711295040625 0.5562720265625 0.74165906875 0.5814119437499999 0.7503154359375 0.5795661796875 0.7439877109374999 0.5512636203125 0.733806659375 0.512538546875 0.7106008359375 0.55358868125 0.7152028890625 0.5912111296875 0.7165832437499999 0.59197371875 0.711738675 0.538822346875 0.7067136671875 0.5032263640625 0.7060328390625 0.49782126250000003 0.70723565
1 0.584027959375 0.653595353125 0.5400307171875001 0.6373425890625 0.539673946875 0.6423268921874999 0.58953674375 0.660857584375 0.584027959375 0.653595353125
1 0.611162884375 0.6243899640625 0.6039847171875 0.620215940625 0.590010440625 0.6239143687500001 0.5496250109374999 0.6239666828125 0.5493891 0.6272884609375 0.5824736390624999 0.6265036890625 0.611162884375 0.6243899640625
1 0.2348937796875 0.30973771875 0.23953419999999997 0.3133787546875 0.2870137609375 0.3361942234375 0.3511566796875 0.360664440625 0.35543593125 0.3600946953125 0.3068326109375 0.337913009375 0.2726793234375 0.3251323625 0.2512301609375 0.3136604015625 0.3053247078125 0.3159462328125 0.36345086718749997 0.3222889078125 0.37973344062500003 0.3211421359375 0.37895050937499997 0.3181494421875 0.3632543109375 0.311042421875 0.3483655671875 0.314766803125 0.30222717499999996 0.310454175 0.248747740625 0.3077002453125 0.2348937796875 0.30973771875
1 0.23427805781250002 0.4630581484375 0.23522123125 0.46031897187500004 0.218035378125 0.4496350859375 0.166898496875 0.41636848750000005 0.1499378796875 0.40371894687500004 0.1732866984375 0.40835558125000004 0.2200903359375 0.4173210078125 0.2519850078125 0.42159558906249994 0.25140861875 0.41857387343749997 0.1943480734375 0.4077773359375 0.1380096515625 0.3962087203125 0.13664734843749998 0.400165134375 0.153700115625 0.41386537343749996 0.1896643015625 0.43850458750000004 0.23427805781250002 0.4630581484375
1 0.5415524015625001 0.31489519062500004 0.5343455265625 0.31343439375000004 0.5332841265625 0.31783524375 0.5650935640625 0.330831321875 0.672387740625 0.3735627171875 0.6732259968750001 0.37112824375 0.667877225 0.36582728593749997 0.611856734375 0.3438692359375 0.5601005578125 0.3216226625 0.6362641046874999 0.32435885781249996 0.68066153125 0.3297726484375 0.6758245859375 0.32538404375 0.61600369375 0.3160193265625 0.5697178265625 0.31608316875 0.5415524015625001 0.31489519062500004
1 0.6784211234375 0.60236278125 0.6826353828125 0.59802681875 0.6707955671875 0.5944050671875 0.6246645562500001 0.57670430625 0.618149003125 0.5771839328125 0.6784211234375 0.60236278125
1 0.6799290625000001 0.5637342296875001 0.64206806875 0.5656765046875 0.64141303125 0.57021551875 0.6786090703125 0.5701296578124999 0.6856979671875 0.5667413484375 0.6799290625000001 0.5637342296875001
1 0.651163959375 0.5010627703125 0.6148751046875 0.4984392265625 0.5909233984375 0.4929168609375 0.5472374171875 0.4775337421875 0.54535106875 0.483012096875 0.5763494046875001 0.49572713437499993 0.61736610625 0.513595909375 0.634388584375 0.52630364375 0.6295589546875 0.5150711343750001 0.6172254484375 0.5074196015625 0.6094449375 0.502358275 0.63343656875 0.503809725 0.6628460703125 0.5027029625 0.6626900109375 0.4978829046875 0.651163959375 0.5010627703125
1 0.6410445640625 0.6921770734375 0.6563062359375 0.7018575828125 0.6562042156250001 0.6968330140625 0.6208527875 0.6770534031250001 0.6069604515625 0.6726107140625001 0.6410445640625 0.6921770734375