0 0.674232403125 0.45823564843750003 0.697088615625 0.456794109375 0.6909898640625001 0.41094869375 0.6703218953125 0.4132636328125 0.674232403125 0.45823564843750003
0 0.5263137906249999 0.5346659265625 0.541377340625 0.535739653125 0.539617196875 0.493362190625 0.5245746375 0.4972277625 0.5263137906249999 0.5346659265625
0 0.2996933 0.5694345953125 0.31339317968749997 0.56676925625 0.31130217187500003 0.5268704703125 0.2994183875 0.5293387218750001 0.2996933 0.5694345953125
0 0.2104247703125 0.6117751953125 0.22570685781250002 0.6126070625 0.22581256875000003 0.579361278125 0.21241831718749998 0.5794473531250001 0.2104247703125 0.6117751953125
0 0.12308056406250001 0.5988840796875 0.14027704375 0.605869765625 0.144374028125 0.5707022828125 0.1273843453125 0.5676625093750001 0.12308056406250001 0.5988840796875
1 0.1031735421875 0.33777384375 0.095078240625 0.33089605624999996 0.0857865671875 0.3627335 0.07870221093749999 0.412059034375 0.0827681875 0.415530196875 0.08598979531249999 0.3850521234375 0.0983004203125 0.34318231250000003 0.1042732921875 0.35875831874999997 0.11421021875 0.4192171359375 0.1174924640625 0.42033449687499996 0.11630286249999999 0.3976355609375 0.106283409375 0.3479170203125 0.1031735421875 0.33777384375
1 0.1424267984375 0.6327653546875001 0.1328067125 0.61523374375 0.1276401453125 0.6150747187500001 0.120795559375 0.6566602828125 0.1178885578125 0.68730131875 0.1201541515625 0.7120906125 0.1249787078125 0.711627303125 0.120070690625 0.6858997953125 0.12629706093749998 0.6632419953124999 0.131573234375 0.628610878125 0.144649125 0.6566973328125 0.1634510296875 0.695649440625 0.1676970671875 0.69671629375 0.16190969375 0.6785540250000001 0.1424267984375 0.6327653546875001
1 0.19893786875 0.7208444328125 0.2012321984375 0.7215837765625001 0.20656712812500003 0.710958146875 0.219183965625 0.6459210921875 0.2322773390625 0.7173802296875 0.235513 0.7176404484375001 0.22331048281250002 0.6323923390624999 0.2209547921875 0.6243563812499999 0.21675367968749998 0.6241467609375 0.21415371875 0.6483314640625 0.19893786875 0.7208444328125
1 0.30703828125 0.5756117515625 0.3054698671875 0.5825661984375 0.2970174859375 0.6427015953125 0.2984090203125 0.6692536515625 0.30358455 0.6651718828125001 0.30242192968750004 0.6351163171875001 0.30943132812499996 0.590518 0.3205420296875 0.6303029812500001 0.3333558046875 0.6657029984375 0.33813328125000003 0.6645952515625 0.3228815328125 0.61343175625 0.31017829531249996 0.58017269375 0.30703828125 0.5756117515625
1 0.389066296875 0.6354471984375001 0.3876539390625 0.5885652734375 0.382898925 0.5901016359375 0.3843964984375 0.643275334375 0.389066296875 0.6354471984375001
1 0.4263099828125 0.64966573125 0.42749108125 0.6414466359375 0.4188271015625 0.6298753671874999 0.40364995 0.5924502453125 0.4004816765625 0.5934758734375001 0.4136029921875 0.6238573421875 0.4263099828125 0.64966573125
1 0.5770975765624999 0.1829242875 0.57546 0.1885907671875 0.572092021875 0.241159875 0.5734319906249999 0.3097988578125 0.5755632875 0.3135530796875 0.5779226625 0.26017945937500003 0.5769786265625 0.22372536875 0.5795802453125 0.19954057812499998 0.5977250328125 0.2505524578125 0.61361865 0.3068221015625 0.620781478125 0.321489453125 0.6232629640625 0.3196424484375 0.623972578125 0.30242684999999997 0.6149419703125 0.290017425 0.6016568234374999 0.24562311406249998 0.584176475 0.19500620625 0.5770975765624999 0.1829242875
1 0.434710696875 0.23978824375 0.4376037359375 0.239636625 0.441071728125 0.2196999265625 0.45275976875 0.1598247484375 0.45813465937500003 0.1393605359375 0.46258226718750006 0.16274609843750001 0.47180262031250003 0.2095001828125 0.47978725312500003 0.2406736953125 0.48237302031249996 0.239007321875 0.4710081375 0.18205725156250002 0.46062962656249995 0.1254874953125 0.4564509765625 0.12570648906249998 0.450136415625 0.146649740625 0.44076375468749995 0.1892251640625 0.434710696875 0.23978824375
1 0.6871919937500001 0.4691852328125 0.685846678125 0.46195591093750005 0.6813686734375 0.4626203875 0.6812349453125 0.4969819984375 0.681808190625 0.6124708890624999 0.6843794125 0.6123361375 0.6872906890625 0.60539106875 0.68666419375 0.5452241453125 0.687902653125 0.4889029390625 0.7138970625 0.5605455484374999 0.7255090531249999 0.6037381671875 0.72776614375 0.597609428125 0.714039659375 0.538636378125 0.6966414734375 0.49574478437499997 0.6871919937500001 0.4691852328125
1 0.4719286109375 0.7037749578125 0.47752753437499995 0.706058071875 0.47645029218749996 0.6937236515625 0.47558117031249997 0.644320903125 0.47269569999999994 0.6384594578125 0.4719286109375 0.7037749578125
1 0.5083092640625 0.690702584375 0.492325440625 0.6563260718749999 0.4878715578125 0.657419075 0.5018850484375 0.691874478125 0.5076821812500001 0.69717790625 0.5083092640625 0.690702584375
1 0.55564163125 0.640554903125 0.5444800953125 0.6059256671875 0.5406278765625 0.581649315625 0.5385257984375 0.5353817624999999 0.53273971875 0.5356849984375 0.5325627234375 0.5691892921874999 0.5313602093750001 0.6139130765624999 0.5259545359375 0.63445644375 0.5345599265625001 0.6257707171875 0.537034090625 0.611468975 0.538812240625 0.602359003125 0.546453903125 0.6251473796875 0.55849706875 0.6520007953125 0.5629076875 0.6500504734375 0.55564163125 0.640554903125
1 0.37465274375 0.7027650421875 0.3713942546875 0.7205418 0.3760147359375 0.718564971875 0.38111119375 0.6783781249999999 0.380026221875 0.6638331156249999 0.37465274375 0.7027650421875