0 0.67462790625 0.5777035390624999 0.6953887046875 0.5789336281249999 0.6990797343749999 0.5328318578125 0.6761794015625 0.5325884953125 0.67462790625 0.5777035390624999
0 0.524686046875 0.5014823015625 0.5399102984375 0.5045553093749999 0.539450165625 0.46214380468750005 0.5244634546875 0.464004425 0.524686046875 0.5014823015625
0 0.2981578078125 0.48119911562500006 0.31015448437500004 0.4830420359375 0.31015448437500004 0.4430884953125 0.2963338875 0.44114380468750003 0.2981578078125 0.48119911562500006
0 0.208654484375 0.4357123890625 0.22203488437500002 0.43509734531250005 0.22018936875 0.40190265468749997 0.2049717609375 0.4035331859375 0.208654484375 0.4357123890625
0 0.1243538203125 0.451931415625 0.1411611296875 0.44800663749999997 0.1352292359375 0.4131017703125 0.11842192656249999 0.42097787656249996 0.1243538203125 0.451931415625
1 0.1147823921875 0.6724800890625 0.12218604687500001 0.622305309375 0.12218604687500001 0.599575221875 0.118966778125 0.60086283125 0.112207640625 0.66175885 0.10705813906249999 0.67762610625 0.0925730890625 0.6364579640625 0.087760796875 0.606190265625 0.083882059375 0.60986946875 0.09353820625 0.6587566375 0.10448338906250002 0.690064159375 0.112207640625 0.6827721234374999 0.1147823921875 0.6724800890625
1 0.12727907031250002 0.4041415921875 0.1359684390625 0.38613053124999996 0.15302823906250002 0.33938495625 0.1578571421875 0.32094469062500003 0.1536727578125 0.3222323015625 0.136935215625 0.36211504375 0.1253471765625 0.3908473453125 0.11826578125000001 0.3565398234375 0.11086212656250001 0.3342389375 0.11441694375 0.3082898234375 0.1095747515625 0.3080796453125 0.108609634375 0.33295353906249997 0.1131162796875 0.3634004421875 0.12212790625 0.404570796875 0.12727907031250002 0.4041415921875
1 0.214828903125 0.39041814218750004 0.216760796875 0.38226991093749996 0.22448505000000002 0.2965 0.2212674421875 0.29692920312500004 0.21193189375000002 0.36897566406250004 0.19592857187499998 0.30468805312499997 0.19004485 0.2943561953125 0.187792359375 0.2952146015625 0.2067823921875 0.3668318578125 0.21064451874999998 0.3908473453125 0.214828903125 0.39041814218750004
1 0.306242525 0.42987168125 0.3171877078125 0.3959933625 0.3297408640625 0.3441017703125 0.324911959375 0.34324557499999997 0.3139684390625 0.37926769843749997 0.30495515 0.4195796453125 0.2956212625 0.37540929218749997 0.2952093015625 0.34533407031249996 0.2898272421875 0.3415287609375 0.2898272421875 0.36811725625 0.30141528281249996 0.4277278765625 0.303345515625 0.43459070781250003 0.306242525 0.42987168125
1 0.377056478125 0.3629712390625 0.37834385312499996 0.41615044218749997 0.38317275781250004 0.41743584062499994 0.38212956875000004 0.3705442484375 0.377056478125 0.3629712390625
1 0.40723920312499995 0.3808340703125 0.3957259140625 0.41186061875 0.39894352187500004 0.4127190265625 0.41214119531250004 0.374550884375 0.42018770781250003 0.3625420359375 0.41857807343750003 0.35439601718749997 0.40723920312499995 0.3808340703125
1 0.5832857140625001 0.6860973453125 0.5855398671875001 0.7547123890625 0.591654484375 0.8070331859375001 0.593586378125 0.8126061953124999 0.60002325625 0.8001703546875 0.6148305640625 0.7487079640625 0.6257740859375 0.703679203125 0.6341428578125 0.690814159375 0.6325332218749999 0.6736592921875 0.629958471875 0.671944690625 0.6235730890625 0.6869668140625 0.6106461796875 0.74399115 0.5951960140625 0.79588274375 0.5913322265625001 0.77186725625 0.590367109375 0.7354137171875 0.5852176078125 0.682236725 0.5832857140625001 0.6860973453125
1 0.4513156140625 0.7632721234375001 0.4484186046875 0.7632721234375001 0.45710963437499996 0.813449115625 0.46869767500000004 0.8554756640625 0.47609966718749996 0.876059734375 0.480284053125 0.876059734375 0.48768770781250004 0.8190243359375 0.49605647812500003 0.761557521875 0.49338704375000003 0.7600287609375 0.48704485000000003 0.7915774343749999 0.480284053125 0.8387499999999999 0.4770664453125 0.8623362828125 0.47062790625 0.842181415625 0.455822259375 0.783 0.4513156140625 0.7632721234375001
1 0.68758305625 0.5282654875 0.6885481734375001 0.5209756640625 0.696594684375 0.49395796406250003 0.711724253125 0.4502146015625 0.722345515625 0.3906039828125 0.7197707640625 0.3846017703125 0.710435215625 0.42834292031250004 0.6882259140625 0.5012477875 0.6840415281250001 0.44506858437499996 0.681518271875 0.384951328125 0.6782475078125 0.3781681421875 0.6756727578125 0.3781681421875 0.68114451875 0.4935287609375 0.6830764125 0.5278362828125001 0.68758305625 0.5282654875
1 0.466343853125 0.3077743359375 0.46677408593749997 0.2954004421875 0.461302325 0.2979734515625 0.4654867109375 0.3631592921875 0.46806146249999997 0.3571548671875 0.466343853125 0.3077743359375
1 0.4796495015625 0.343431415625 0.484154484375 0.3442898234375 0.49831727499999995 0.30912389375 0.497352159375 0.302690265625 0.49184053125 0.3082898234375 0.4796495015625 0.343431415625
1 0.538875415625 0.3918915921875 0.5482093015625 0.3567256640625 0.5549684390625 0.34686283125 0.55046179375 0.3451460171875 0.5398405312500001 0.3725929203125 0.53340199375 0.39575 0.5311495015625 0.386745575 0.5279302328125001 0.3725929203125 0.518882059375 0.36436946875 0.52535548125 0.3846017703125 0.528897009375 0.429201328125 0.5308272421875 0.46265044218750007 0.5366212625 0.46265044218750007 0.536299003125 0.4163362828125 0.538875415625 0.3918915921875
1 0.364745846875 0.2882234515625 0.3600282390625 0.28649114999999997 0.364212625 0.30407300937500004 0.3716162796875 0.34267035468749996 0.3719385375 0.3280884953125 0.364745846875 0.2882234515625