0 0.5047533984375 0.32089501249999997 0.5092766015625 0.2984445078125 0.46341485625 0.29246978281249997 0.460301653125 0.3130326578125 0.5047533984375 0.32089501249999997
0 0.5402952234375 0.48355503125 0.545231096875 0.46928266093750004 0.503842053125 0.4600147359375 0.5036826078125001 0.47554521406249994 0.5402952234375 0.48355503125
0 0.5152254796875 0.7114524109375 0.51619675 0.697529503125 0.4771162890625 0.6892226953125 0.4764246890625 0.7013403796875 0.5152254796875 0.7114524109375
0 0.5330189625 0.8086377421875 0.53777778125 0.7940916828125 0.505692178125 0.7853849312500001 0.5023086343750001 0.7983450624999999 0.5330189625 0.8086377421875
0 0.4979607578125 0.8896693000000001 0.5091591890625 0.87486680625 0.4762503859375 0.8618074078125 0.46891693749999996 0.8774314296875 0.4979607578125 0.8896693000000001
1 0.24059532031250003 0.8413177046874999 0.231856671875 0.8473570640625001 0.2602044171875 0.8645722671874999 0.3060156578125 0.8841816187499999 0.310420896875 0.8811525890624999 0.2818151515625 0.87015245 0.24455824375000002 0.8474245937499999 0.261149403125 0.845686609375 0.3221200015625 0.8517361703124999 0.3240487984375 0.8488549593749999 0.3018154171875 0.8441291078125 0.2511977703125 0.8409390515625 0.24059532031250003 0.8413177046874999
1 0.5356947296875 0.8797513921875 0.5162706328125 0.8845061671875 0.5147798203125 0.889455528125 0.55317688125 0.906830028125 0.5820214625 0.9175684593750001 0.6065524609375 0.9217960062499999 0.6073536234375 0.9170159281249999 0.581232471875 0.915097940625 0.5609582203125 0.9032194578125001 0.5288727046874999 0.8891598734375 0.5593864265625 0.8837988421875 0.6018775656249999 0.8757191437499999 0.604007021875 0.8718939078125001 0.584965734375 0.872783340625 0.5356947296875 0.8797513921875
1 0.635398728125 0.8479624328125 0.6367066953125 0.8459376375 0.6278239078125 0.838034375 0.5682684124999999 0.80901461875 0.6406814546875 0.814862375 0.6417702578125 0.811804315625 0.5562686625000001 0.8015272093749999 0.5478968265625 0.8017227734375 0.5466070203125 0.8057264828124999 0.5692947296875001 0.8144973125 0.635398728125 0.8479624328125
1 0.5230931765625 0.70595646875 0.5294047203125001 0.709271384375 0.585303415625 0.73299994375 0.6113108890625 0.7385280015625 0.608707728125 0.7324723859375 0.5793753734375 0.7258164359375 0.5381108718750001 0.707502984375 0.579415875 0.70706798125 0.6169261140625 0.703853025 0.6170926140625 0.6989516296875 0.5637250296875 0.7004416015625 0.528311403125 0.7041039062500001 0.5230931765625 0.70595646875
1 0.6021201921875 0.64221004375 0.556470184375 0.631440340625 0.556723509375 0.6364309718750001 0.6084729578125 0.6487467921875 0.6021201921875 0.64221004375
1 0.625493615625 0.6099154328124999 0.61786026875 0.6066473203125 0.6044408781249999 0.6120212171875 0.5643628515625 0.6169948859375001 0.5645335234375 0.6203206546875 0.5972758140625001 0.6155097406250001 0.625493615625 0.6099154328124999
1 0.21368270156250002 0.3434642265625 0.21873226406250001 0.34651259687499997 0.26863842656250003 0.36337169999999996 0.33528540156250003 0.379842465625 0.339463321875 0.37875545625 0.28851901562500004 0.3626623640625 0.2530627328125 0.3541392203125 0.23037536875 0.345366765625 0.28434527656249997 0.3410430921875 0.34281115 0.34025469375 0.3588325984375 0.33713212187499997 0.3576907859375 0.33425715 0.34124545624999997 0.32911599062499997 0.3269215796875 0.3346270921875 0.28060151875 0.33596946562499996 0.2271850921875 0.33975356562500003 0.21368270156250002 0.3434642265625
1 0.2317566296875 0.49571686562500006 0.23235895156250003 0.49288316249999997 0.2139991609375 0.4843733421875 0.15918926718749998 0.4575867265625 0.1408134796875 0.4470984515625 0.164553325 0.4488550203125 0.2121007046875 0.4520496921875 0.2442785796875 0.45240542812499995 0.2433382328125 0.4494764796875 0.1853872421875 0.44571435 0.128058896875 0.44109789062500004 0.1271889140625 0.44519083750000005 0.1457842125 0.4567107484375 0.18448309062499998 0.47678337187500003 0.2317566296875 0.49571686562500006
1 0.5186840734375 0.3112109703125 0.5113528921875 0.3106393578125 0.5108357328124999 0.3151367578125 0.543991890625 0.3241593703125 0.655693959375 0.35349638125 0.6562292796875 0.3509778953125 0.650274353125 0.3463683015625 0.5919954171875 0.3314011046875 0.5379138484375 0.31562784375 0.6138431421874999 0.30906164375 0.6585694125 0.3090243953125 0.653233684375 0.305257978125 0.592717415625 0.303253396875 0.5467843359375 0.308957590625 0.5186840734375 0.3112109703125
1 0.689566084375 0.57985571875 0.6932205109375 0.5750384875 0.681027565625 0.5728866421875 0.6330832281250001 0.5609397765625 0.62667469375 0.5622098734375001 0.689566084375 0.57985571875
1 0.686355146875 0.541331328125 0.6490130671875 0.5478732187500001 0.648916078125 0.5524582296875 0.6858244 0.5478399515625 0.6924475265625001 0.5436129796875 0.686355146875 0.541331328125
1 0.650166725 0.482632596875 0.6138286328125 0.48445110781249995 0.5893824515625 0.4818888828125 0.54414736875 0.471944409375 0.542942725 0.4776118171875 0.5752595765625 0.48645433125000004 0.618148203125 0.4991912375 0.6365924796875 0.50972973125 0.6304299515625 0.49916953125 0.6172558890625 0.493078109375 0.608916553125 0.48900271406250007 0.6329062421875 0.48751950156249996 0.6619616484375 0.4828368703125 0.6612193359375 0.47807176093750003 0.650166725 0.482632596875
1 0.6634137328125 0.67355560625 0.679741403125 0.681304028125 0.679027803125 0.6763293453125 0.64152935 0.6610054234375 0.6271991390625 0.6582889 0.6634137328125 0.67355560625