0 0.504626746875 0.6791083046875 0.5012847109375 0.7017647671875 0.547396296875 0.7053310859375 0.5494290562499999 0.6846334578125 0.504626746875 0.6791083046875
0 0.46062066250000006 0.5185313203125 0.45643851093750004 0.5330424546875 0.49825587968749996 0.54013154375 0.497602303125 0.5246140031250001 0.46062066250000006 0.5185313203125
0 0.473728821875 0.28963421718750004 0.4734875515625 0.3035888765625 0.5129491984375 0.3098389875 0.5130056609375 0.2977017140625 0.473728821875 0.28963421718750004
0 0.45087343750000003 0.1935133140625 0.446882421875 0.208288496875 0.47937972812499996 0.21530408437499998 0.48208035625 0.20218463281250001 0.45087343750000003 0.1935133140625
0 0.48164273125 0.1107580015625 0.47123435156250004 0.126126290625 0.504781528125 0.13744547812500002 0.5112872281249999 0.121459065625 0.48164273125 0.1107580015625
1 0.7411859859375001 0.1455738671875 0.749596584375 0.139085440625 0.7203867125000001 0.123377434375 0.67361198125 0.1061925328125 0.66937130625 0.1094479625 0.6985135515625001 0.11893591875000001 0.736908884375 0.13968275000000002 0.7204314203125 0.1422866671875 0.6592277703125 0.139436353125 0.657452409375 0.142414559375 0.6799026515625 0.14597032968749998 0.7306178828125 0.146506890625 0.7411859859375001 0.1455738671875
1 0.4444795359375 0.12263716250000001 0.46362816718750005 0.116872325 0.46485790781249997 0.111851721875 0.4256041578125 0.09651058125 0.3962371 0.087296475 0.37151846875 0.0843585765625 0.3709685734375 0.0891740328125 0.39715430625 0.08972231562500001 0.4180224453125 0.100523446875 0.450799809375 0.1128845375 0.42060848125000005 0.1198351859375 0.378598434375 0.13012762656250002 0.37667209375 0.1340590671875 0.3956407359375 0.13217430937500002 0.4444795359375 0.12263716250000001
1 0.34657588437500003 0.159600659375 0.3453756796875 0.161691134375 0.35465991875 0.1691186765625 0.41565257187500004 0.19498176875 0.3430327203125 0.19293183125 0.34210545625 0.19604268281249998 0.4280277375 0.2018308984375 0.4363778640625 0.20119745312499998 0.437456365625 0.197131728125 0.41434071875 0.1895603 0.34657588437500003 0.159600659375
1 0.46615954375 0.295534390625 0.4596831609375 0.2925543390625 0.40261921406249995 0.27178381093750004 0.3763580671875 0.2676244546875 0.3792745875 0.2735355328125 0.40891508906249996 0.27864722343750004 0.451081490625 0.29477596093749997 0.4098558609375 0.297372103125 0.3725652859375 0.30254578906249996 0.37265553281249997 0.30744917968749996 0.42587200000000003 0.3031682078125 0.4610454234375 0.297657515625 0.46615954375 0.295534390625
1 0.3905770609375 0.3633294078125 0.43672815 0.371695215625 0.436213984375 0.36672468125 0.3838908953125 0.3571340953125 0.3905770609375 0.3633294078125
1 0.3689258390625 0.39680303125 0.3767197640625 0.3996671671875 0.38983951562499997 0.3935983171875 0.42960231562500006 0.3865339421875 0.429257821875 0.3832216640625 0.3968121859375 0.389739584375 0.3689258390625 0.39680303125
1 0.794117359375 0.6413365578125 0.788915178125 0.6385566375 0.7381950734375 0.6243325265624999 0.670777421875 0.6113723671875 0.6666621171875 0.6126765421875 0.718378853125 0.626081359375 0.7542326109374999 0.632737184375 0.7773479984375 0.6403102515625 0.7236783375 0.6474525671875 0.6653338515625 0.651299753125 0.6494977828125 0.65525654375 0.65078849375 0.6580678171875001 0.6674803546875 0.662341246875 0.681496171875 0.6560880453125 0.7276824984375 0.65232330625 0.780827675 0.6457487921875 0.794117359375 0.6413365578125
1 0.7680999140625 0.490238490625 0.767646721875 0.49309983281249997 0.7864267218750001 0.5006371140625 0.842563403125 0.5245184921875 0.8614629203125 0.5340306781249999 0.8376636796874999 0.5335189640625 0.7900142640625 0.532817109375 0.7578618703125 0.5341459203125 0.7589542171875 0.537021640625 0.8170226843749999 0.53774569375 0.8745140687499999 0.5393554921875 0.8751686515625 0.5352226234375 0.8559959312500001 0.5246917046874999 0.8162995687500001 0.50667193125 0.7680999140625 0.490238490625
1 0.4912219859375 0.68950815 0.49857303750000004 0.68969529375 0.49885411093750004 0.6851769921875001 0.46527118749999996 0.6779020046875 0.3521868203125 0.6544512328125001 0.351784040625 0.656994284375 0.3579720546875 0.661285903125 0.41695444375 0.6731825046875 0.4717874046875 0.6861037375000001 0.3963058171875 0.696634771875 0.3516427921875 0.6990127609375001 0.357168328125 0.702494765625 0.417706571875 0.7013294234375 0.4632781671875 0.6932290953125 0.4912219859375 0.68950815
1 0.306514384375 0.43017484218749996 0.3031170796875 0.4351767296875 0.31540593437500003 0.436687496875 0.363909815625 0.4461087765625 0.370243096875 0.4445050234375 0.306514384375 0.43017484218749996
1 0.31173713125 0.46847839062499996 0.34868565937499996 0.45999113124999996 0.3485425546875 0.4554073265625 0.311926515625 0.46195090937499994 0.3055336890625 0.466518715625 0.31173713125 0.46847839062499996
1 0.3509480125 0.5252027203125 0.38714113125 0.5214849140625 0.41168790624999996 0.5227642140625 0.45738145 0.5303276359375 0.458287834375 0.52460495 0.4255524890625 0.5174658875 0.3820560421875 0.5069910531249999 0.36308550156249997 0.4974323 0.36979226249999997 0.50765550625 0.38326706875 0.5130491046875 0.3918082671875 0.5166824671875 0.36792908125 0.5194191703125 0.3391585625 0.5256160249999999 0.3401492453125 0.5303357546874999 0.3509480125 0.5252027203125
1 0.327727021875 0.335234659375 0.31101620625000004 0.32835138124999996 0.3119891828125 0.3332818984375 0.3502382375 0.34662230156249996 0.3646909828125 0.34858511718749996 0.327727021875 0.335234659375