0 0.09140625 0.18125 0.0671875 0.0640625
0 0.20546875 0.16953125 0.0625 0.0609375
0 0.3046875 0.16171875 0.075 0.0671875
0 0.44375 0.140625 0.09375 0.046875
0 0.5890625 0.1265625 0.1078125 0.046875
0 0.73828125 0.11171875 0.1 0.040625
0 0.74140625 0.16796875 0.1078125 0.0453125
0 0.5921875 0.184375 0.0984375 0.040625
0 0.1078125 0.2640625 0.0796875 0.0640625
0 0.2140625 0.253125 0.0625 0.0625
0 0.31484375 0.2453125 0.0640625 0.0609375
0 0.44296875 0.1953125 0.109375 0.0484375
0 0.5890625 0.1859375 0.109375 0.0484375
0 0.11875 0.34296875 0.08125 0.0703125
0 0.221875 0.32890625 0.0671875 0.0640625
0 0.31953125 0.32265625 0.065625 0.0609375
0 0.46640625 0.30546875 0.1078125 0.0421875
0 0.6078125 0.28984375 0.1140625 0.0484375
0 0.78828125 0.28046875 0.1328125 0.0546875
0 0.1375 0.41953125 0.1203125 0.046875
0 0.275 0.41015625 0.1140625 0.0484375
0 0.4109375 0.39921875 0.1171875 0.046875
0 0.54765625 0.3859375 0.121875 0.046875
0 0.69375 0.37578125 0.11875 0.0421875
0 0.8296875 0.33984375 0.109375 0.0484375
0 0.8421875 0.403125 0.121875 0.0484375
0 0.88359375 0.46875 0.0890625 0.06875
0 0.896875 0.621875 0.0734375 0.0671875
0 0.13828125 0.4921875 0.128125 0.0484375
0 0.1421875 0.5484375 0.1125 0.0484375
0 0.15078125 0.60390625 0.115625 0.046875
0 0.16875 0.6578125 0.1 0.0484375
0 0.253125 0.48984375 0.06875 0.0625
0 0.371875 0.46953125 0.103125 0.0453125
0 0.50546875 0.45390625 0.115625 0.05
0 0.65390625 0.46015625 0.121875 0.046875
0 0.77578125 0.4765625 0.0859375 0.06875
0 0.8921875 0.54765625 0.078125 0.0671875
0 0.896875 0.625 0.08125 0.0671875
0 0.7921875 0.62734375 0.0703125 0.0640625
0 0.68046875 0.65 0.1203125 0.046875
0 0.55 0.6828125 0.10625 0.0453125
0 0.4078125 0.6921875 0.115625 0.040625
0 0.44921875 0.25 0.1078125 0.04375
0 0.6015625 0.2390625 0.121875 0.046875
0 0.75 0.22265625 0.115625 0.0515625
0 0.2609375 0.56796875 0.0765625 0.0640625
0 0.271875 0.6453125 0.078125 0.065625
0 0.3796875 0.52578125 0.1015625 0.040625
0 0.3890625 0.58046875 0.10625 0.0515625
0 0.39765625 0.6390625 0.1140625 0.0484375
0 0.52734375 0.51015625 0.1078125 0.0421875
0 0.53671875 0.5703125 0.109375 0.0453125
0 0.54375 0.62890625 0.1125 0.0421875
0 0.659375 0.52265625 0.1125 0.0484375
0 0.66796875 0.58828125 0.115625 0.053125
0 0.17109375 0.70859375 0.11875 0.05
0 0.7828125 0.5515625 0.0890625 0.071875
0 0.0765625 0.04140625 0.0671875 0.028125
0 0.18984375 0.0328125 0.1078125 0.028125