0 0.8109375 0.9140625 0.0640625 0.0671875
0 0.825 0.80078125 0.0609375 0.0640625
0 0.834375 0.70078125 0.06875 0.075
0 0.85859375 0.5625 0.0484375 0.09375
0 0.875 0.4171875 0.0484375 0.1078125
0 0.89296875 0.26875 0.0421875 0.1015625
0 0.8359375 0.2640625 0.046875 0.1078125
0 0.8171875 0.41328125 0.0421875 0.1
0 0.72890625 0.89609375 0.065625 0.0796875
0 0.7421875 0.78984375 0.0640625 0.0625
0 0.7515625 0.68984375 0.0609375 0.065625
0 0.803125 0.5625 0.05 0.109375
0 0.815625 0.41640625 0.05 0.109375
0 0.65078125 0.884375 0.071875 0.08125
0 0.665625 0.78125 0.0640625 0.0671875
0 0.67421875 0.68359375 0.0609375 0.0671875
0 0.69375 0.5375 0.04375 0.109375
0 0.7125 0.39609375 0.05 0.1140625
0 0.725 0.215625 0.05625 0.1328125
0 0.57421875 0.8640625 0.0484375 0.1203125
0 0.5859375 0.7265625 0.05 0.1140625
0 0.59921875 0.59140625 0.0484375 0.1171875
0 0.61484375 0.4546875 0.05 0.121875
0 0.62734375 0.30859375 0.04375 0.1203125
0 0.665625 0.1734375 0.05 0.109375
0 0.603125 0.159375 0.0515625 0.121875
0 0.53828125 0.11640625 0.0703125 0.0890625
0 0.38515625 0.10078125 0.06875 0.0734375
0 0.5015625 0.86171875 0.05 0.128125
0 0.4453125 0.85703125 0.05 0.1125
0 0.38984375 0.846875 0.0484375 0.115625
0 0.33671875 0.828125 0.05 0.1
0 0.50546875 0.746875 0.0640625 0.0703125
0 0.528125 0.62890625 0.046875 0.103125
0 0.54609375 0.4953125 0.0515625 0.115625
0 0.5421875 0.346875 0.05 0.121875
0 0.528125 0.225 0.06875 0.0859375
0 0.459375 0.10703125 0.06875 0.078125
0 0.38203125 0.10078125 0.06875 0.08125
0 0.37734375 0.20546875 0.065625 0.0703125
0 0.353125 0.3171875 0.0484375 0.1203125
0 0.31796875 0.44609375 0.046875 0.10625
0 0.30625 0.5890625 0.0421875 0.1171875
0 0.74921875 0.55546875 0.0453125 0.109375
0 0.7625 0.403125 0.05 0.121875
0 0.78203125 0.2546875 0.053125 0.115625
0 0.428125 0.7375 0.065625 0.0765625
0 0.35078125 0.725 0.0671875 0.078125
0 0.471875 0.61953125 0.0421875 0.103125
0 0.4171875 0.609375 0.053125 0.10625
0 0.359375 0.6 0.05 0.1140625
0 0.490625 0.47265625 0.04375 0.109375
0 0.43046875 0.46171875 0.046875 0.109375
0 0.371875 0.4546875 0.04375 0.1140625
0 0.48046875 0.340625 0.05 0.1125
0 0.41484375 0.33046875 0.0546875 0.115625
0 0.2859375 0.82578125 0.0515625 0.11875
0 0.453125 0.215625 0.0734375 0.0890625
0 0.95078125 0.93125 0.0296875 0.0671875
0 0.96171875 0.81796875 0.0296875 0.1078125