0 0.128125 0.13984375 0.0640625 0.0671875
0 0.13203125 0.25390625 0.0609375 0.0625
0 0.13828125 0.35390625 0.0671875 0.075
0 0.1359375 0.49375 0.046875 0.09375
0 0.1421875 0.63984375 0.046875 0.1078125
0 0.1484375 0.78984375 0.040625 0.1
0 0.20546875 0.78515625 0.0453125 0.1078125
0 0.2 0.63515625 0.040625 0.0984375
0 0.21171875 0.14453125 0.0640625 0.0796875
0 0.215625 0.2515625 0.0625 0.0625
0 0.221875 0.3515625 0.0609375 0.0640625
0 0.190625 0.4859375 0.0484375 0.109375
0 0.2015625 0.63203125 0.0484375 0.109375
0 0.29140625 0.14453125 0.0703125 0.08125
0 0.2921875 0.2484375 0.0640625 0.0671875
0 0.29921875 0.3453125 0.0609375 0.065625
0 0.303125 0.49375 0.0421875 0.1078125
0 0.30703125 0.6359375 0.0484375 0.1140625
0 0.32265625 0.81640625 0.0546875 0.1328125
0 0.3703125 0.15234375 0.046875 0.1203125
0 0.3796875 0.28984375 0.0484375 0.1140625
0 0.3875 0.42578125 0.046875 0.1171875
0 0.39375 0.56328125 0.046875 0.121875
0 0.40390625 0.70859375 0.0421875 0.11875
0 0.3875 0.8484375 0.0484375 0.109375
0 0.4515625 0.85234375 0.0484375 0.121875
0 0.521875 0.884375 0.06875 0.0890625
0 0.67578125 0.87578125 0.0671875 0.0734375
0 0.4421875 0.14296875 0.0484375 0.128125
0 0.4984375 0.1390625 0.0484375 0.1125
0 0.5546875 0.13984375 0.046875 0.115625
0 0.61015625 0.15 0.0484375 0.1
0 0.45546875 0.25703125 0.0625 0.06875
0 0.45234375 0.37734375 0.0453125 0.103125
0 0.45546875 0.51171875 0.05 0.115625
0 0.48203125 0.6578125 0.046875 0.121875
0 0.515625 0.77578125 0.06875 0.0859375
0 0.6015625 0.88203125 0.0671875 0.078125
0 0.67890625 0.87578125 0.0671875 0.08125
0 0.6671875 0.771875 0.0640625 0.0703125
0 0.67421875 0.6578125 0.046875 0.1203125
0 0.68828125 0.52421875 0.0453125 0.10625
0 0.67734375 0.38203125 0.040625 0.115625
0 0.2453125 0.484375 0.04375 0.1078125
0 0.25546875 0.63671875 0.046875 0.121875
0 0.26015625 0.7859375 0.0515625 0.115625
0 0.53359375 0.25390625 0.0640625 0.0765625
0 0.61171875 0.25390625 0.065625 0.078125
0 0.50859375 0.37734375 0.040625 0.1015625
0 0.5640625 0.37890625 0.0515625 0.10625
0 0.6234375 0.3796875 0.0484375 0.1140625
0 0.51328125 0.52578125 0.0421875 0.1078125
0 0.575 0.5265625 0.0453125 0.109375
0 0.63359375 0.525 0.0421875 0.1125
0 0.54453125 0.6546875 0.0484375 0.1125
0 0.6109375 0.6546875 0.053125 0.115625
0 0.6609375 0.1453125 0.05 0.11875
0 0.590625 0.7734375 0.071875 0.0890625
0 0.00390625 0.25703125 0.0078125 0.1078125