0 0.11484375 0.84609375 0.0625 0.059375
0 0.22890625 0.85 0.059375 0.05625
0 0.32890625 0.85078125 0.0703125 0.0625
0 0.46875 0.8625 0.090625 0.040625
0 0.61484375 0.86640625 0.1046875 0.0390625
0 0.76484375 0.87109375 0.0984375 0.034375
0 0.7640625 0.8140625 0.1046875 0.0390625
0 0.6140625 0.80859375 0.096875 0.034375
0 0.125 0.7625 0.075 0.059375
0 0.23203125 0.76640625 0.0578125 0.059375
0 0.3328125 0.7671875 0.0609375 0.05625
0 0.4640625 0.8078125 0.10625 0.040625
0 0.6109375 0.80703125 0.10625 0.040625
0 0.13046875 0.68359375 0.0765625 0.0671875
0 0.234375 0.68984375 0.0625 0.059375
0 0.33203125 0.68984375 0.0625 0.05625
0 0.4796875 0.69609375 0.10625 0.034375
0 0.621875 0.70234375 0.1109375 0.040625
0 0.803125 0.69921875 0.1296875 0.0453125
0 0.14375 0.60546875 0.1171875 0.0390625
0 0.28203125 0.60546875 0.1109375 0.040625
0 0.41796875 0.60703125 0.1140625 0.0390625
0 0.55546875 0.61015625 0.11875 0.0390625
0 0.7015625 0.61015625 0.1171875 0.034375
0 0.83984375 0.63671875 0.10625 0.040625
0 0.8484375 0.57265625 0.11875 0.040625
0 0.88515625 0.5046875 0.084375 0.0625
0 0.8875 0.35078125 0.06875 0.0625
0 0.13984375 0.5328125 0.125 0.0390625
0 0.13984375 0.4765625 0.109375 0.040625
0 0.14453125 0.4203125 0.1125 0.0390625
0 0.15859375 0.365625 0.096875 0.0421875
0 0.2546875 0.52734375 0.065625 0.0578125
0 0.37421875 0.5390625 0.1 0.0390625
0 0.50859375 0.5453125 0.1125 0.0421875
0 0.65625 0.52890625 0.11875 0.0390625
0 0.7765625 0.50390625 0.08125 0.0625
0 0.88828125 0.425 0.0734375 0.0625
0 0.8875 0.34765625 0.0765625 0.0625
0 0.7828125 0.35234375 0.065625 0.059375
0 0.66953125 0.3375 0.1171875 0.0390625
0 0.5375 0.3140625 0.103125 0.0375
0 0.39453125 0.31484375 0.1140625 0.0328125
0 0.46640625 0.753125 0.10625 0.0359375
0 0.61953125 0.753125 0.11875 0.0390625
0 0.76875 0.759375 0.1125 0.04375
0 0.25703125 0.44921875 0.071875 0.059375
0 0.2625 0.37109375 0.0734375 0.0609375
0 0.378125 0.4828125 0.1 0.034375
0 0.38359375 0.42734375 0.103125 0.04375
0 0.38828125 0.36875 0.1109375 0.040625
0 0.5265625 0.48828125 0.10625 0.034375
0 0.53203125 0.42734375 0.10625 0.0375
0 0.534375 0.36875 0.1109375 0.034375
0 0.65703125 0.46640625 0.109375 0.040625
0 0.66171875 0.4 0.1125 0.0453125
0 0.15703125 0.31484375 0.115625 0.0421875
0 0.77890625 0.42890625 0.084375 0.065625
0 0.109375 0.98671875 0.065625 0.0234375
0 0.2234375 0.9875 0.10625 0.0203125