0 0.9703125 0.69296875 0.059375 0.0765625
0 0.87421875 0.7359375 0.075 0.0734375
0 0.78046875 0.77109375 0.0875 0.0828125
0 0.653125 0.8296875 0.0984375 0.06875
0 0.5171875 0.88359375 0.1125 0.071875
0 0.378125 0.9390625 0.1046875 0.065625
0 0.359375 0.88515625 0.1109375 0.0703125
0 0.4984375 0.82890625 0.103125 0.065625
0 0.9421875 0.61875 0.090625 0.08125
0 0.84296875 0.65859375 0.075 0.075
0 0.7484375 0.69375 0.0765625 0.0734375
0 0.6390625 0.77734375 0.1140625 0.075
0 0.50078125 0.8265625 0.1140625 0.075
0 0.91015625 0.54609375 0.0953125 0.0890625
0 0.81484375 0.5875 0.0796875 0.0765625
0 0.72265625 0.62109375 0.078125 0.075
0 0.5859375 0.67734375 0.1109375 0.06875
0 0.4546875 0.73203125 0.11875 0.0765625
0 0.28359375 0.790625 0.1375 0.0875
0 0.87109375 0.47734375 0.1234375 0.0765625
0 0.740625 0.52421875 0.11875 0.0765625
0 0.6140625 0.57265625 0.1203125 0.075
0 0.4859375 0.62265625 0.125 0.0765625
0 0.3484375 0.67265625 0.121875 0.071875
0 0.22734375 0.74453125 0.1140625 0.075
0 0.19765625 0.6875 0.125 0.078125
0 0.13984375 0.6359375 0.1 0.0875
0 0.08515625 0.4921875 0.0859375 0.0828125
0 0.85 0.4078125 0.13125 0.0796875
0 0.83046875 0.3546875 0.1171875 0.075
0 0.80703125 0.30390625 0.11875 0.075
0 0.775 0.25703125 0.1046875 0.0734375
0 0.73984375 0.44140625 0.08125 0.0765625
0 0.63125 0.49375 0.1078125 0.0703125
0 0.5078125 0.5453125 0.1203125 0.078125
0 0.36328125 0.58046875 0.125 0.0765625
0 0.24140625 0.5984375 0.0984375 0.0859375
0 0.109375 0.5625 0.090625 0.084375
0 0.08359375 0.4890625 0.09375 0.084375
0 0.18359375 0.4578125 0.08125 0.078125
0 0.28515625 0.40546875 0.1234375 0.0765625
0 0.40078125 0.33828125 0.109375 0.0703125
0 0.5359375 0.28984375 0.11875 0.0703125
0 0.61796875 0.7265625 0.1125 0.0703125
0 0.47421875 0.77890625 0.125 0.0765625
0 0.3359375 0.8359375 0.1203125 0.0796875
0 0.7109375 0.36953125 0.0875 0.0796875
0 0.67890625 0.29765625 0.090625 0.0828125
0 0.60859375 0.4421875 0.10625 0.0671875
0 0.584375 0.3921875 0.1125 0.0765625
0 0.56015625 0.33828125 0.11875 0.0765625
0 0.47109375 0.4984375 0.1109375 0.06875
0 0.4453125 0.44296875 0.1125 0.071875
0 0.42265625 0.38828125 0.115625 0.0703125
0 0.340625 0.521875 0.1171875 0.075
0 0.3140625 0.46171875 0.121875 0.08125
0 0.75859375 0.20859375 0.1234375 0.0796875
0 0.21328125 0.52890625 0.1015625 0.090625
0 0.9265625 0.86328125 0.10625 0.0546875