0 0.18046875 0.9078125 0.071875 0.06875
0 0.29375 0.89140625 0.06875 0.065625
0 0.3921875 0.875 0.0796875 0.0734375
0 0.53203125 0.8625 0.096875 0.05625
0 0.6765625 0.840625 0.109375 0.05625
0 0.825 0.81953125 0.103125 0.0515625
0 0.81484375 0.76328125 0.109375 0.0546875
0 0.665625 0.784375 0.1015625 0.05
0 0.1765625 0.8234375 0.084375 0.071875
0 0.28203125 0.80859375 0.0671875 0.06875
0 0.38203125 0.7921875 0.0703125 0.065625
0 0.51796875 0.809375 0.1109375 0.0578125
0 0.6625 0.7828125 0.1109375 0.0578125
0 0.16796875 0.7453125 0.0875 0.0796875
0 0.27109375 0.7328125 0.071875 0.06875
0 0.3671875 0.71640625 0.071875 0.065625
0 0.5140625 0.696875 0.1109375 0.0515625
0 0.65546875 0.678125 0.115625 0.059375
0 0.8328125 0.64375 0.1359375 0.0671875
0 0.1671875 0.665625 0.121875 0.059375
0 0.30390625 0.64140625 0.115625 0.059375
0 0.4375 0.61953125 0.11875 0.0578125
0 0.5734375 0.59921875 0.1234375 0.059375
0 0.71796875 0.5734375 0.121875 0.0546875
0 0.85859375 0.57578125 0.1109375 0.0578125
0 0.85546875 0.5109375 0.1234375 0.0609375
0 0.88046875 0.4375 0.09375 0.0765625
0 0.85546875 0.2859375 0.078125 0.0734375
0 0.15078125 0.59453125 0.1296875 0.0609375
0 0.14140625 0.53984375 0.1140625 0.059375
0 0.1359375 0.48359375 0.1171875 0.0578125
0 0.140625 0.4265625 0.103125 0.0578125
0 0.26328125 0.56953125 0.075 0.06875
0 0.3828125 0.56015625 0.1046875 0.05625
0 0.51640625 0.54296875 0.11875 0.0609375
0 0.65859375 0.5015625 0.1234375 0.059375
0 0.77265625 0.45546875 0.090625 0.075
0 0.86953125 0.35859375 0.0828125 0.075
0 0.85546875 0.2828125 0.0859375 0.075
0 0.753125 0.30546875 0.075 0.0703125
0 0.6390625 0.31015625 0.121875 0.059375
0 0.5046875 0.31015625 0.1078125 0.0546875
0 0.3640625 0.3359375 0.11875 0.0515625
0 0.5109375 0.75546875 0.1109375 0.053125
0 0.66171875 0.72890625 0.1234375 0.059375
0 0.809375 0.70859375 0.11875 0.0625
0 0.2515625 0.4921875 0.08125 0.0703125
0 0.24375 0.4140625 0.0828125 0.0734375
0 0.37734375 0.50390625 0.1046875 0.0515625
0 0.37265625 0.4484375 0.109375 0.0609375
0 0.3671875 0.38984375 0.115625 0.059375
0 0.52421875 0.48359375 0.1109375 0.0515625
0 0.51875 0.42265625 0.1109375 0.0546875
0 0.5109375 0.36484375 0.115625 0.053125
0 0.6484375 0.43984375 0.1140625 0.059375
0 0.6421875 0.3734375 0.11875 0.0640625
0 0.13046875 0.37734375 0.121875 0.0609375
0 0.7625 0.38125 0.09375 0.0796875