0 0.600500275 0.0100725921875 0.598082503125 0.0189516421875 0.6239253453125 0.024716790625000002 0.6294569578125 0.0151134484375 0.600500275 0.0100725921875
0 0.6302362953125 0.1388404703125 0.6020161749999999 0.13205095 0.6009935125 0.13201075625 0.5978297265625 0.1461197171875 0.6290997843749999 0.15253923281249998 0.6302362953125 0.1388404703125
0 0.527199634375 0.24592723125 0.523511915625 0.27261633281250003 0.5464072062499999 0.2733298984375 0.5505419953125 0.24746799687499998 0.527199634375 0.24592723125
0 0.4640081203125 0.3751310359375 0.459995225 0.40071589531249996 0.4843386515625 0.40531089531250003 0.49110835937499997 0.38142455468750003 0.4640081203125 0.3751310359375
1 0.5183622109375 0 0.5183839796874999 0.0018767328124999999 0.5313046109374999 0.0011330796875 0.5603003656250001 0.005944231249999999 0.557716915625 0.008509593749999999 0.5249486390625 0.0178401953125 0.5040738250000001 0.026071371875 0.50587681875 0.031700984375000005 0.532235884375 0.020031909375 0.567537146875 0.013263075 0.5859368468749999 0.008046903125000001 0.5839724515625 0.007093303125 0.5437316875 0 0.5183622109375 0
1 0.46375848125 0.15692565625 0.4852592390625 0.1558823734375 0.510275709375 0.1494151875 0.5433008125 0.13861993125 0.558238853125 0.13611686875 0.5888870609375 0.1388016609375 0.5902834343750001 0.13572337343750002 0.540716340625 0.12426404531249999 0.50334831875 0.1185818296875 0.485982175 0.1179364265625 0.4896238984375 0.12252755468750001 0.5020559078125 0.12349098750000001 0.5149263546875 0.123040065625 0.553224628125 0.1306998609375 0.5609775453125 0.1326710875 0.516787409375 0.1414986625 0.4797289828125 0.1509795703125 0.463241984375 0.155022046875 0.46375848125 0.15692565625
1 0.5146728484375 0.25987791875 0.501647315625 0.253955078125 0.4560611578125 0.241686740625 0.4560744328125 0.246078771875 0.49864976875 0.25644843906250003 0.49441200937499996 0.2587221015625 0.45911149218749997 0.2630743515625 0.459214065625 0.264904975 0.47358283593749995 0.26804275624999996 0.5038708109375001 0.26069254062499997 0.5138972140625 0.2618562875 0.5146728484375 0.25987791875
1 0.44333751250000003 0.3904320796875 0.4556871953125 0.3926096625 0.45843602499999997 0.3860442484375 0.423366465625 0.37280941562500003 0.39051504375 0.36504283437499996 0.39231647187499996 0.37073005000000003 0.42066404999999996 0.3768454625 0.4316637640625 0.3799131484375 0.4498985953125 0.3870764203125 0.42023129687500005 0.38833181875 0.3875729015625 0.390752525 0.38670483437500003 0.395675578125 0.4140080828125 0.39202934375 0.44333751250000003 0.3904320796875
1 0.383091565625 0.504181590625 0.3858403734375 0.5066402703125 0.399975534375 0.505465975 0.41705225312499994 0.5056572203125 0.43610598125 0.5014022234375 0.45130193749999997 0.5032358296874999 0.46480836875 0.5033611 0.48251183124999997 0.497739875 0.48260929687500004 0.4949372203125 0.45105974375 0.486553328125 0.43123265625 0.48390414374999996 0.4149759046875 0.4790626359375 0.398092728125 0.4732658359375 0.3923033359375 0.472245009375 0.3892458859375 0.4747775640625 0.41806397031250003 0.481863421875 0.438999953125 0.48724771718750004 0.47016353750000006 0.4955625375 0.46094940156249997 0.5004243828125 0.44676705625 0.49961636875000004 0.4367328515625 0.4978470671875 0.40556984375000005 0.503069 0.383091565625 0.504181590625
1 0.38352839843750003 0.6009922171875 0.41310051875 0.6093087078125 0.45149874375000004 0.61946376875 0.395898296875 0.6238647125 0.40388678437500003 0.627708290625 0.4177321765625 0.625919340625 0.463558659375 0.6210266953125 0.46327015468750005 0.61815496875 0.4395357 0.6105855265625 0.3852170296875 0.5959315625 0.38352839843750003 0.6009922171875
0 0.509375 0.50390625 0.0328125 0.0328125
0 0.48907927031250004 0.609832234375 0.48751377656250006 0.6372702328125001 0.514383503125 0.640598678125 0.515347440625 0.6103099109375 0.48907927031250004 0.609832234375
0 0.4673583921875 0.7615026578124999 0.4725681203125 0.7590368562500001 0.463691371875 0.7303973265625 0.437971996875 0.731810675 0.44130905625 0.7580375953125 0.4673583921875 0.7615026578124999
1 0.4281875765625 0.748955090625 0.42915249062500005 0.7457408140624999 0.4014142484375 0.736055984375 0.37160219687499996 0.726850321875 0.345697509375 0.722564915625 0.348090915625 0.724423765625 0.38125085468750003 0.733064196875 0.41689948125000004 0.74527299375 0.393792771875 0.74994148125 0.347676990625 0.7564748156250001 0.346856725 0.7588687468749999 0.3833737890625 0.7571284296874999 0.42080702187499996 0.750192265625 0.4281875765625 0.748955090625
1 0.426944290625 0.8907158609374999 0.4095115359375 0.8872480109374999 0.37837978125 0.8764459296875 0.3471458859375 0.8677907296875 0.343646209375 0.8703214640624999 0.36717198125 0.8770275515625 0.392279796875 0.8857835015625 0.42152603906249997 0.8931052921875 0.43451707500000003 0.8965758875000001 0.4152660109375 0.8971172 0.3918083796875 0.894751890625 0.37733605625 0.89495488125 0.3516629828125 0.8989484703124999 0.348864534375 0.90370783125 0.3652212921875 0.9006882781250001 0.397428275 0.8975137328124999 0.42391603906249997 0.9000193515625 0.44666754375 0.9016701890625001 0.44777816406250004 0.8969472953125001 0.426944290625 0.8907158609374999
0 0.47421875 0.9015625 0.0359375 0.0328125