0 0.3655689296875 0.981723425 0.36860018437500003 0.9730346578125 0.34322244999999996 0.9654808484374999 0.3370344171875 0.97467493125 0.3655689296875 0.981723425
0 0.3448877390625 0.8511949390625 0.37256550312500003 0.85993645625 0.37358287031250004 0.8600478890625001 0.37772314218749997 0.8461939921875 0.346977059375 0.837608825 0.3448877390625 0.8511949390625
0 0.45514340156250005 0.7515565109375 0.46068387499999996 0.7251896640625 0.4378941328125 0.722880740625 0.43196538125000006 0.7483912171875 0.45514340156250005 0.7515565109375
0 0.5271937859375 0.6270754562499999 0.5329816171874999 0.6018328453125 0.5090180203125 0.595550928125 0.5005985765625 0.61890685 0.5271937859375 0.6270754562499999
1 0.446658646875 1 0.44691348125 0.9956274625000001 0.4339724484375 0.99546800625 0.40538293437500006 0.9886459328124999 0.40813904218749997 0.98626703125 0.441478365625 0.979244959375 0.4628765078125 0.9724899859375 0.46147060937499995 0.9667483171875 0.43436175937500004 0.9765502515625 0.3986743171875 0.9808401046874999 0.379955578125 0.984760071875 0.3818486671875 0.9858483796874999 0.436031309375 0.9993545375 0.44451656093749997 1 0.446658646875 1
1 0.5122215796875 0.8447667125 0.4907004203125 0.8443076359375 0.46529376093749997 0.849014009375 0.4315960671875 0.8574792515624999 0.416519809375 0.85893419375 0.38613354218749996 0.8541180296875 0.38452583906250004 0.8570914125 0.4331728265625 0.871980453125 0.4700534515625 0.8802554875 0.4873322703125 0.8821107203125 0.484019678125 0.8772767421875001 0.47168515937500005 0.8754484437500001 0.45881460937499996 0.87500046875 0.42114395 0.8646877796875 0.41354742343749995 0.8621805390624999 0.45824569375 0.856457015625 0.4958752046875 0.8495842687499999 0.5126040296875 0.8467017140624999 0.5122215796875 0.8447667125
1 0.46861282343750005 0.7385136296875 0.4811934703125 0.7453306578125 0.5258127874999999 0.7607490390625 0.5261059171875 0.7563667828125 0.48435764375 0.74305246875 0.48874368281249997 0.74107995625 0.5242618078125 0.739200746875 0.52428718125 0.737367428125 0.51017229375 0.7332349765624999 0.4794453734375 0.738454503125 0.4695245734375 0.7365941859375 0.46861282343750005 0.7385136296875
1 0.5488813890625 0.61325359375 0.5367136890624999 0.6102198453125001 0.533513575 0.61657751875 0.5675744921875 0.6322264390625 0.5998041203125 0.6422657015625 0.5984038 0.636466678125 0.5705518656249999 0.6283887359375 0.5597929359375 0.6245612203124999 0.5421022093750001 0.6161434015625 0.5717848125 0.6169605453125 0.6045325125 0.616823871875 0.60574188125 0.6119733640625 0.5782507921875 0.6137061390625 0.5488813890625 0.61325359375
1 0.61691534375 0.503983715625 0.614344740625 0.501339278125 0.6001620984375 0.50152469375 0.58314031875 0.5001427031250001 0.563836190625 0.5030582140625001 0.54880515625 0.5001690578125 0.5353403640625001 0.49910193124999996 0.517287909375 0.5034745328125 0.5169951796875 0.5062635609374999 0.5478830484375 0.516827815625 0.567477040625 0.520853615625 0.5833564640625 0.52681734375 0.5997941499999999 0.5337777328125 0.6054982296875 0.5351999203125 0.6087248953125 0.5328868109375 0.58047129375 0.523807965625 0.5599619 0.5169763671875 0.529454240625 0.5065079390625 0.5389850765624999 0.502300684375 0.5530765109375 0.504096040625 0.5629628515625 0.50656098125 0.5944142109375 0.503525590625 0.61691534375 0.503983715625
1 0.62323274375 0.40737844218749997 0.5943127890625 0.3970193640625 0.5567164796874999 0.384210515625 0.6124884828125 0.383698784375 0.6047875687500001 0.37930731875 0.5908511125 0.38012610625 0.5447949671875 0.3818101390625 0.5448824484375 0.3846949953125 0.56803106875 0.39390162968750003 0.6211952125 0.412308978125 0.62323274375 0.40737844218749997
0 0.490625 0.4953125 0.034375 0.034375
0 0.5185556359375 0.391197103125 0.52203129375 0.36393514531250004 0.49545920312499997 0.3587404703125 0.492384775 0.38888821562500003 0.5185556359375 0.391197103125
0 0.550803596875 0.2414113140625 0.5454345546875 0.2435076953125 0.5522918859375 0.272696671875 0.5780472015625 0.273080859375 0.5765477671875 0.24668504375000003 0.550803596875 0.2414113140625
1 0.5890037203125 0.2566607328125 0.587816940625 0.2597998703125 0.614812034375 0.2713960296875 0.6439093125 0.282658853125 0.6694519609375 0.28874083906250003 0.6671940515625 0.2867195609375 0.634717615625 0.2757870578125 0.60000746875 0.26112127812499997 0.6233835484375 0.2580760046875 0.6698427375 0.25477546093750003 0.670827996875 0.252444578125 0.6342784890625001 0.25163335625 0.5964525984375 0.2559414125 0.5890037203125 0.2566607328125
1 0.600132709375 0.1153320109375 0.6172810937500001 0.12000746250000001 0.6475834984375 0.1329548703125 0.678137553125 0.1437677546875 0.6818052406249999 0.141487309375 0.65880456875 0.1331564828125 0.6343686984375 0.1226704296875 0.6057044406250001 0.11332635937499999 0.5929871484375 0.108958009375 0.6122290765625 0.1097609015625 0.6354645703124999 0.113756771875 0.6499158015625001 0.1145638125 0.675804915625 0.112370815625 0.6789285406250001 0.10781825781250001 0.6624009953125001 0.109689465625 0.6300510218750001 0.11060963125 0.6038025640625 0.10626242500000001 0.5812216375 0.10302854374999999 0.5797842703125 0.10766246093750001 0.600132709375 0.1153320109375
0 0.55390625 0.10078125 0.0375 0.034375