0 0.49483633437499996 1 0.4955079015625 0.9909251687499999 0.46903982343750006 0.9901969890625001 0.465675409375 1 0.49483633437499996 1
0 0.441069 0.87937426875 0.4700661390625 0.8806543937500001 0.4710776796875 0.880498715625 0.47149122343750005 0.8660452968750001 0.43957078281250006 0.865710334375 0.441069 0.87937426875
0 0.5217794687499999 0.754594671875 0.5203069124999999 0.7276922734375 0.49769611874999997 0.7313604453125 0.49857198125 0.7575361468749999 0.5217794687499999 0.754594671875
0 0.559156728125 0.6157071953125001 0.558214075 0.5898267046875 0.5334411375 0.5899610734375 0.5313535390624999 0.614700275 0.559156728125 0.6157071953125001
1 0.5779185859375 0.9969278171875 0.5770001859375 0.9924791687500001 0.5644588390624999 0.99567453125 0.53507780625 0.996484425 0.537124296875 0.9934732500000001 0.567510165625 0.978061596875 0.5864308671875 0.965998546875 0.5835868203125 0.96081639375 0.559938609375 0.977300621875 0.526577484375 0.9906808921874999 0.50951113125 0.99931205625 0.511621390625 0.9998733124999999 0.567453453125 0.998895759375 0.5779185859375 0.9969278171875
1 0.6010373296875 0.8298558937499999 0.5801306703125 0.834982546875 0.5568078203125 0.8461042796875 0.5264493125 0.8630026828125 0.5122633328124999 0.8683100703125 0.48166593750000003 0.8715225578125001 0.48088258437500003 0.8748107296875001 0.5317255328125 0.876601671875 0.5694912171875 0.8750493328125 0.5866614453125 0.8723692625 0.5822106015624999 0.8685573609375 0.569823171875 0.8699837671875 0.55727523125 0.8728822015625 0.518219046875 0.87267079375 0.5102324453125 0.872215109375 0.551926303125 0.855117846875 0.5864948203125 0.8387400484375 0.6019075640625 0.8316259765625 0.6010373296875 0.8298558937499999
1 0.5314141859375 0.7385100734375001 0.545330534375 0.74183870625 0.5924200546875 0.745183390625 0.5915689859375 0.7408745875 0.5477972531249999 0.738819196875 0.5515233171875 0.7357787046875 0.585344815625 0.7247707609375 0.5848948265625 0.72299334375 0.5701913359375 0.722654903125 0.5418623234375 0.7356492921875 0.5317980796875 0.7364200546874999 0.5314141859375 0.7385100734375001
1 0.5765279828125001 0.5967431375000001 0.5639896953125 0.59696199375 0.562544109375 0.603931284375 0.59949466875 0.6102313671874999 0.6332244515625 0.6115869078125 0.6303709468750001 0.6063479109375 0.60137731875 0.605753828125 0.5899943578125 0.6048413499999999 0.570727734375 0.6012890578125 0.599610421875 0.5943959359375001 0.631206896875 0.585788190625 0.6311196531250001 0.5807899515625 0.605013775 0.5895789 0.5765279828125001 0.5967431375000001
1 0.6139626109375 0.47358805625 0.61079516875 0.47169904687499997 0.5971437765625 0.4755488828125 0.580344315625 0.4786195421875 0.5624525484375 0.4864319859375 0.547185915625 0.48753159375 0.5339037328125 0.4899857734375 0.5175981125 0.4988817 0.5180372109375 0.501651459375 0.5506068328125 0.5038613765625 0.570575128125 0.5026787015624999 0.587457 0.5043293249999999 0.6051360671875 0.5067981578125 0.6110138734375 0.5066955609375 0.6135319171875 0.5036261468750001 0.58389125625 0.5021692265625 0.5623125546875001 0.5008786296875 0.5301349906249999 0.49866286875 0.538252153125 0.49213220937499996 0.5523281046874999 0.490219259375 0.5625155515625 0.49004143593749994 0.592109615625 0.4789692625 0.6139626109375 0.47358805625
1 0.5950614671875 0.378639465625 0.5644458078125 0.3761183984375 0.5248153890625 0.3734766421875 0.5785545609375 0.358547490625 0.5699794546875 0.356298803125 0.5567297890625 0.3606967125 0.512678828125 0.3742435703125 0.513509984375 0.3770074859375 0.5382526875 0.3799091078125 0.5943694796875 0.383929346875 0.5950614671875 0.378639465625
0 0.48984375 0.49765625 0.028125 0.028125
0 0.48976310625 0.3901019203125 0.4860644203125 0.3628693234375 0.4590532703125 0.3647290171875 0.46388641093749994 0.3946452234375 0.48976310625 0.3901019203125
0 0.48214482968750005 0.23707357031249998 0.4775013171875 0.24048813125000001 0.491679653125 0.26690770937499997 0.5166568125000001 0.2606128390625 0.50837673125 0.23550452187499998 0.48214482968750005 0.23707357031249998
1 0.52299015625 0.241916459375 0.5226562828125 0.2452557953125 0.5517328484374999 0.2494699796875 0.5827536921875 0.2528181015625 0.60900013125 0.2520819265625 0.6062960125 0.2507139109375 0.5720966437499999 0.24855944375 0.534773434375 0.243377034375 0.55656481875 0.23438535312500003 0.6005867046875 0.21917274843749998 0.600935115625 0.2166662859375 0.5654210421875 0.2253424140625 0.5299990453125 0.2392937375 0.52299015625 0.241916459375
1 0.49716136874999994 0.102523003125 0.5149355328125 0.1026008125 0.5475564421875 0.107264209375 0.5798679734375 0.1098006828125 0.582820465625 0.106648675 0.5584473453125 0.104554725 0.5321301171874999 0.10075044375 0.502024146875 0.099143621875 0.4886095734375 0.098215596875 0.507403653125 0.09401095468750001 0.5308816234375 0.0918568796875 0.5450493171875 0.0888961671875 0.5694886921875 0.0800772984375 0.5713275953125 0.0748714125 0.555847515625 0.0809565046875 0.5248379984375 0.0902181046875 0.49835879375000003 0.0928126265625 0.47571030312499996 0.0955333109375 0.47552125937499995 0.10038134843749999 0.49716136874999994 0.102523003125
0 0.4484375 0.10078125 0.03125 0.028125