0 0.48610155156249996 0.9999359999999999 0.4869407609375 0.990772 0.460489421875 0.9895820000000001 0.45670944999999996 1 0.48610155156249996 0.9999359999999999
0 0.43445698125 0.8782880000000001 0.46342736249999994 0.8800739999999999 0.4644414671875 0.879936 0.46510719375000004 0.865492 0.4331974609375 0.8646 0.43445698125 0.8782880000000001
0 0.5173328625 0.754936 0.5163300421875 0.728012 0.49365867343750003 0.731285 0.49407757343750003 0.757472 0.5173328625 0.754936
0 0.5571283499999999 0.616722 0.5566375171875 0.590829 0.5318660078125 0.590531 0.5293469671875 0.61523 0.5571283499999999 0.616722
1 0.5692341328125 0.998212 0.5683935124999999 0.9937480000000001 0.5557983078125 0.996724 0.5264076156249999 0.9970209999999999 0.528506346875 0.994046 0.5591565578125001 0.979167 0.5782849078125001 0.967436 0.5755317343749999 0.962205 0.5515994359375 0.9782740000000001 0.5180098734375 0.99107 0.5007954859375 0.9994020000000001 0.502895628125 1 0.5587362484375 0.9999969999999999 0.5692341328125 0.998212
1 0.5952651625 0.831569 0.5742722140625001 0.83633 0.550758815625 0.847043 0.5201100140625 0.8634090000000001 0.50583356875 0.868468 0.47518476718749997 0.8711460000000001 0.47434414687500004 0.87442 0.5251480953125001 0.8770979999999999 0.5629351203125 0.876205 0.58014950625 0.8738250000000001 0.5757658671875 0.869936 0.5633554296875001 0.8711460000000001 0.550758815625 0.8738250000000001 0.5117122703125 0.8729319999999999 0.5037348374999999 0.8723369999999999 0.5457207328125 0.8559699999999999 0.5805698171875 0.840198 0.596104371875 0.8333539999999999 0.5952651625 0.831569
1 0.5272468265625 0.7390220000000001 0.5411029625 0.7425930000000001 0.5881269390625 0.7467590000000001 0.5873511984374999 0.742436 0.5436220031250001 0.739617 0.5474005640625 0.736642 0.5814090265625 0.726226 0.5809901265625 0.724441 0.56629478125 0.723846 0.5377433 0.736344 0.5276671375 0.736939 0.5272468265625 0.7390220000000001
1 0.5748279265625 0.598064 0.5622877296875 0.598064 0.5607207328125 0.605007 0.5975557125 0.611951 0.6312567 0.6138950000000001 0.6284950640625 0.608607 0.5995162203125 0.607507 0.5881509171875 0.6063959999999999 0.568949225 0.602508 0.5979478140625 0.59612 0.629689703125 0.5880650000000001 0.629689703125 0.583066 0.6034344140625 0.591398 0.5748279265625 0.598064
1 0.61440620625 0.47558100000000003 0.6112722140625 0.473637 0.5975557125 0.477248 0.58070521875 0.48002500000000003 0.56267983125 0.48752399999999996 0.5473963328125 0.488357 0.5340733421875 0.490579 0.51761495 0.499189 0.5180056421875 0.501966 0.550531734375 0.504744 0.5705176296875 0.5039100000000001 0.5873681234375 0.505855 0.6050014109374999 0.508632 0.6108801125000001 0.508632 0.613451340625 0.505607 0.5838406203125001 0.503633 0.5622877296875 0.501966 0.5301537374999999 0.499189 0.5383836390625001 0.49280099999999993 0.5524908328125 0.491134 0.56267983125 0.491134 0.5924626234375 0.48057999999999995 0.61440620625 0.47558100000000003
1 0.597165021875 0.380317 0.566598025 0.377262 0.527019746875 0.373929 0.5810112828125 0.35994000000000004 0.5724767281250001 0.35754199999999997 0.5591523265625 0.36170800000000003 0.51487165 0.374484 0.5156544421875 0.377262 0.5403427359374999 0.380595 0.5963808187499999 0.385594 0.597165021875 0.380317
0 0.48984375 0.49765625 0.028125 0.028125
0 0.4916826515625 0.38994 0.48845980312500004 0.362647 0.46142031093749997 0.364035 0.46573060625 0.394031 0.4916826515625 0.38994
0 0.48673624843749996 0.236802 0.48203385 0.240135 0.4957489421875 0.266798 0.5208321578125 0.26094 0.5129915375 0.235691 0.48673624843749996 0.236802
1 0.5274908328125 0.242357 0.52709873125 0.24569000000000002 0.5560973203125 0.250411 0.5870550078125001 0.2543 0.613310296875 0.254022 0.610630465625 0.25260699999999997 0.5764739062500001 0.249856 0.5392468265625 0.24402300000000002 0.56119181875 0.235413 0.605472496875 0.22097099999999997 0.6058645984375 0.218471 0.5702045140625 0.226526 0.534544428125 0.239857 0.5274908328125 0.242357
1 0.50409873125 0.10253399999999999 0.5218688296875 0.102922 0.554403384375 0.108154 0.5866657265625 0.111254 0.589672778125 0.108154 0.565339915625 0.10563499999999999 0.5390930890625001 0.10137199999999999 0.509019746875 0.09924 0.49562341249999997 0.098078 0.5144880109375001 0.094202 0.538 0.092458 0.5522172078125 0.08974499999999999 0.5768067703125 0.08135400000000001 0.5787362484374999 0.076181 0.5631523265625 0.081995 0.5319858953125001 0.09071399999999999 0.50546544375 0.092846 0.4827729203125 0.09517099999999999 0.4824992953125 0.100015 0.50409873125 0.10253399999999999
0 0.45546875 0.1 0.03125 0.028125