0 0.5216224031250001 0.9904693375000001 0.5226214171875 0.9996172953125001 0.552010159375 0.9991683234375 0.54804894375 0.9888178796875 0.5216224031250001 0.9904693375000001
0 0.54126620625 0.8648273703125 0.5421839140625 0.8792575515625 0.5432002734375 0.8793778328125 0.572135071875 0.8770865015625 0.5731555125 0.8633786046875 0.54126620625 0.8648273703125
0 0.487651803125 0.728262271875 0.48711902343749997 0.755199671875 0.51041503125 0.757329425 0.510376840625 0.7311391031250001 0.487651803125 0.728262271875
0 0.44495629374999995 0.5918036265625 0.44491743125000005 0.61770125 0.47266854374999995 0.615724625 0.4697188296875 0.59107335 0.44495629374999995 0.5918036265625
1 0.5043588765625 1 0.505831015625 0.9999743828125001 0.5079204015625 0.999339821875 0.49056322343750003 0.9913095234375 0.4567554546875 0.9791016906250001 0.432546359375 0.9634528140624999 0.4298848984375 0.9687310671875 0.44921506874999995 0.9801264453125 0.48012028593749995 0.994468259375 0.48227061875 0.9974061781250001 0.45287922031249994 0.9976221609374999 0.44023399531249996 0.99486643125 0.43947141093750003 0.9993444218749999 0.443780803125 1 0.5043588765625 1
1 0.426386846875 0.875166865625 0.443640146875 0.877246071875 0.48143700312500004 0.8774794609375001 0.5321864749999999 0.8739152171875 0.53128884375 0.8706563875000001 0.5005979734375 0.868513690625 0.48623541093749995 0.8637046187499999 0.45530565 0.8478760078124999 0.431608865625 0.8375750046875 0.41053602343750006 0.83318110625 0.4097280953125 0.83498048125 0.42537972812499997 0.8415523234375 0.46049876406249995 0.8567137203125 0.5027639078125 0.8723454734375 0.494798075 0.8730796078124999 0.4557730609375 0.874653928125 0.44313161093750003 0.872195178125 0.4307019453125 0.871201953125 0.426386846875 0.875166865625
1 0.4225515609375 0.727612328125 0.456736628125 0.7374332124999999 0.460566534375 0.7403418140625 0.416893196875 0.7439235640625 0.416193021875 0.7482594453125 0.4631371296875 0.743273396875 0.4769288328125 0.73946111875 0.4764722328125 0.737385771875 0.4663872203125 0.736966715625 0.4376219671875 0.7249689109374999 0.42293924374999997 0.7258202890625001 0.4225515609375 0.727612328125
1 0.3981764546875 0.593189259375 0.3717797515625 0.5853167453125 0.3718669953125 0.590314984375 0.4037446296875 0.5978147859375 0.4328502875 0.6036957171874999 0.413719375 0.607918240625 0.4023751921875 0.6092274234375 0.373419959375 0.61083300625 0.3707510328125 0.6161683984375 0.404412959375 0.61363653125 0.44112114062499996 0.6060507296875 0.439433209375 0.599136134375 0.4268949234375 0.5993549921875 0.3981764546875 0.593189259375
1 0.4698367015625 0.499715378125 0.43775606875 0.503052771875 0.41623555312500005 0.5050956671875 0.38666379375000004 0.5075861453125 0.389287425 0.510565809375 0.3951652296875 0.5104632125 0.41274736718750005 0.5073788921875 0.42956135 0.50514010625 0.44955875624999997 0.5056251781250001 0.4820314109375 0.5022799421874999 0.4823735796875 0.499496546875 0.46576742812500005 0.491175096875 0.45240768750000004 0.48918595312499996 0.4371119796875 0.4886198140625 0.4189584609375 0.48143654218750004 0.40206206875 0.47895404687500004 0.38828463593749996 0.4755829828125 0.3851850484375 0.4775813828125 0.40721253281249997 0.48219665312500004 0.4371749828125 0.4922292640625 0.44736242812500004 0.49205144218749997 0.4614965671875 0.4934719828125 0.4698367015625 0.499715378125
1 0.416556671875 0.36137517343750003 0.4707841265625 0.3744197609375 0.4312700453125 0.37844298906249996 0.4007610203125 0.3820309921875 0.40163719999999997 0.3872935015625 0.457579503125 0.3813172640625 0.48220586875000004 0.3775539015625 0.482940059375 0.3747626625 0.43844315468749995 0.3627614125 0.425048075 0.358828590625 0.416556671875 0.36137517343750003
0 0.51015625 0.49765625 0.028125 0.028125
0 0.5091412984375 0.362466515625 0.5063952703125 0.3898116046875 0.5324147609375001 0.39344905625000004 0.5362008968749999 0.3633824 0.5091412984375 0.362466515625
0 0.4749988421875 0.26133998125 0.500180475 0.2667593265625 0.51342814375 0.2398610265625 0.5086682921875 0.23661060156249997 0.48239761249999996 0.2359579890625 0.4749988421875 0.26133998125
1 0.4609207125 0.24049950468749998 0.4250333984375 0.2277928890625 0.3892381671875 0.2203614703125 0.38967383906249997 0.22285424687500002 0.43419982187499995 0.23652124218749998 0.45629173593749994 0.24474693749999998 0.41917212656249997 0.2512287515625 0.38506878125 0.254575446875 0.382414053125 0.25603700156250003 0.4086701953125 0.25585674062499997 0.4395552953125 0.251428046875 0.46846707500000007 0.2462016703125 0.46801686406250004 0.242876021875 0.4609207125 0.24049950468749998
1 0.44063080781249997 0.0907188 0.4548931984375 0.0931832625 0.47843204375 0.09451665625 0.4973614140625 0.0980628328125 0.4839874 0.0994584546875 0.453955846875 0.10211498125 0.4277874171875 0.10683540312499999 0.4035022234375 0.1097786859375 0.40656292031249996 0.1128257328125 0.4387662453125 0.10916315000000001 0.471204534375 0.10336414062499999 0.4889651546875 0.10266606874999999 0.5105173390625 0.099770490625 0.510159215625 0.094932003125 0.487429571875 0.093003396875 0.46087595 0.09133456718750001 0.4295620984375 0.08316082500000001 0.41387908125 0.0776196859375 0.415898546875 0.08275822499999999 0.44063080781249997 0.0907188
0 0.5375 0.09921875 0.03125 0.028125