0 0 0.54329055 0.010418 0.539510578125 0.009228 0.5130592390625 0.00006400000000000001 0.5138984484375 0 0.54329055
0 0.12006399999999999 0.5355585328125 0.119926 0.5365726375000001 0.121712 0.56554301875 0.13540000000000002 0.5668025390625 0.13450800000000002 0.53489280625 0.12006399999999999 0.5355585328125
0 0.242528 0.5059224265625 0.268715 0.5063413265625 0.271988 0.4836699578125 0.245064 0.4826671375 0.242528 0.5059224265625
0 0.38477 0.4706530328125 0.40946899999999997 0.46813399218749996 0.409171 0.44336248281249996 0.383278 0.44287165 0.38477 0.4706530328125
1 0.001788 0.4307658671875 0.000003 0.4412637515625 0 0.497104371875 0.000598 0.4992045140625 0.00893 0.4819901265625 0.021726000000000002 0.4484005640625 0.037795 0.424468265625 0.032563999999999996 0.4217150921875 0.020832999999999997 0.44084344218749993 0.005954 0.471493653125 0.002979 0.473592384375 0.003276 0.4442016921875 0.006252000000000001 0.4316064875 0.001788 0.4307658671875
1 0.128854 0.5248152328125 0.131532 0.49416643125000004 0.136591 0.4798899859375 0.152957 0.44924118437500005 0.16367 0.4257277859375 0.168431 0.40473483750000006 0.16664600000000002 0.403895628125 0.159802 0.4194301828125 0.14403 0.45427926718749995 0.127663 0.4962651625 0.12706800000000001 0.4882877296875 0.12617499999999998 0.44924118437500005 0.128854 0.4366445703125 0.130064 0.4242341328125 0.12617499999999998 0.41985049375 0.12379500000000002 0.43706487968749996 0.122902 0.4748519046875 0.12558 0.525655853125 0.128854 0.5248152328125
1 0.263656 0.4622567 0.276154 0.43370521875 0.275559 0.41900987343749996 0.273774 0.41859097343749996 0.263358 0.45259943593749996 0.260383 0.45637799687499997 0.257564 0.4126488015625 0.253241 0.4118730609375 0.257407 0.4588970375 0.26097800000000004 0.4727531734375 0.263061 0.47233286249999995 0.263656 0.4622567
1 0.40193599999999996 0.42517207343749996 0.408602 0.3965655859375 0.416934 0.370310296875 0.411935 0.370310296875 0.40388 0.40205218593750003 0.397492 0.431050775 0.393604 0.4118490828125 0.392493 0.4004837796875 0.391393 0.3715049359375 0.38610500000000003 0.3687433 0.388049 0.4024442875 0.39499300000000004 0.4392792671875 0.40193599999999996 0.4377122703125 0.40193599999999996 0.42517207343749996
1 0.49525600000000003 0.44946826562500003 0.498034 0.4819943578125 0.500811 0.48238505 0.509421 0.4659266578125 0.5116430000000001 0.45260366718749995 0.512476 0.43732016875 0.519975 0.41929478124999997 0.522752 0.4024442875 0.526363 0.3887277859375 0.524419 0.38559379374999997 0.51942 0.4075373765625 0.508866 0.43732016875 0.508866 0.4475091671875 0.5071990000000001 0.46161636093749997 0.500811 0.46984626250000006 0.498034 0.4377122703125 0.49636699999999995 0.41615937968749994 0.49439299999999997 0.386548659375 0.491368 0.38911988750000004 0.491368 0.39499858906249996 0.49414499999999995 0.4126318765625 0.49609 0.42948237031250003 0.49525600000000003 0.44946826562500003
1 0.622738 0.4843455578125 0.625516 0.48512835 0.6382920000000001 0.44084767343750003 0.642458 0.427523271875 0.64006 0.4189887171875 0.626071 0.47298025312499997 0.622738 0.43340197500000005 0.619683 0.402834978125 0.614406 0.40361918125 0.619405 0.4596572640625 0.622738 0.4843455578125
0 0.50234375 0.51015625 0.02890625 0.02734375
0 0.605969 0.53426939375 0.635965 0.5385796890625001 0.637353 0.511540196875 0.61006 0.5083173484375 0.605969 0.53426939375
0 0.733202 0.5042510578125 0.759865 0.51796615 0.763198 0.5132637515625 0.764309 0.48700846249999996 0.73906 0.47916784218749997 0.733202 0.5042510578125
1 0.7576430000000001 0.4725091671875 0.760143 0.46545557187500003 0.773474 0.42979548593750005 0.781529 0.3941354015625 0.779029 0.394527503125 0.764587 0.43880818125000004 0.755977 0.4607531734375 0.7501439999999999 0.42352609374999994 0.747393 0.389369534375 0.745978 0.386689703125 0.7457 0.41294499218749997 0.7495890000000001 0.44390267968749997 0.75431 0.47290126875 0.7576430000000001 0.4725091671875
1 0.8986280000000001 0.46090691093749997 0.894365 0.43466008437500003 0.8918459999999999 0.410327221875 0.888746 0.41333427343749995 0.8918459999999999 0.44559661562499997 0.8970779999999999 0.47813117031249996 0.897466 0.49590126874999996 0.899985 0.5175007046875 0.904829 0.5172270796875 0.907154 0.49453455625 0.909286 0.4680141046875 0.918005 0.43684767343750003 0.923819 0.42126375156250007 0.9186460000000001 0.42319322968749995 0.910255 0.4477827921875 0.907542 0.462 0.9057980000000001 0.4855119890625 0.9019220000000001 0.5043765875 0.90076 0.49098025312500004 0.8986280000000001 0.46090691093749997
0 0.9 0.54453125 0.02890625 0.03046875