0 0.43392014687499997 0.9957445140625 0.4357126578125 0.9867184375000001 0.4095306109375 0.9827700390624999 0.40468236874999997 0.992735853125 0.43392014687499997 0.9957445140625
0 0.39527416875 0.8693645875 0.423899159375 0.8741690328124999 0.42492213437500004 0.8741377921875 0.42709402343749997 0.8598425046875 0.395452334375 0.8556199156250001 0.39527416875 0.8693645875
0 0.4905898421875 0.7553512109375 0.492406840625 0.72846988125 0.46951754687499997 0.7293551468749999 0.4671968640625 0.7554424796875 0.4905898421875 0.7553512109375
0 0.5446146234375 0.6220541234375 0.546833034375 0.5962516625000001 0.5222283765625 0.5933659671875 0.5171413859375 0.6176663515625 0.5446146234375 0.6220541234375
1 0.5165556234374999 1 0.5164081265625 0.998192265625 0.5035708421875 0.9998354046875001 0.4743101109375 0.9970586140625001 0.4767083171875 0.9943192890624999 0.5087459015625 0.9827256171875 0.5289956874999999 0.9730583375 0.5268043859375 0.967568209375 0.5013235218750001 0.9810475750000001 0.4665804203125 0.9902624109374999 0.44858940468749997 0.9967493749999999 0.45061553437499996 0.9975636234374999 0.47380809687500003 1 0.5165556234374999 1
1 0.5600848921875 0.8397105515625001 0.538709284375 0.842251109375 0.5142048828125 0.850447603125 0.482013265625 0.8635202765625 0.46728621875 0.8670592671874999 0.43652538593749995 0.8665189249999999 0.43534714531249996 0.869687121875 0.48559285625 0.8776609093750001 0.523266225 0.8807226203124999 0.5406350859375 0.8801550515625 0.536681971875 0.8758291421875001 0.5242130406250001 0.87573526875 0.5114054 0.8770828890625 0.4726661 0.8721133046875 0.4647945625 0.8706876953125 0.5082612734375 0.8587990765625 0.5445680734375 0.8467561984374999 0.5607329203125 0.84157349375 0.5600848921875 0.8397105515625001
1 0.5021129625 0.7405606812500001 0.5155199234375 0.7455604796874999 0.56185083125 0.7546190015625001 0.5615312171875 0.7502385968749999 0.5183362406249999 0.74286409375 0.5224050734375 0.7403003578125 0.557316003125 0.7334962703125 0.55708598125 0.7316772625 0.5425333328125 0.7295494390624999 0.5128318625 0.73899453125 0.5027487046875 0.7385330265625 0.5021129625 0.7405606812500001
1 0.5641675328125 0.60534844375 0.55169603125 0.6040376359375 0.549411878125 0.61077880625 0.5853192265625 0.62153506875 0.6186323921875 0.6269911328125 0.61643863125 0.62144343125 0.58773351875 0.61732034375 0.57654660625 0.6150274312499999 0.5578565109375 0.60915360625 0.5873639703125 0.6058317796875 0.61977395 0.6011388359375001 0.6202964875 0.596167221875 0.593314096875 0.6017091531250001 0.5641675328125 0.60534844375
1 0.6163319578124999 0.48767347499999997 0.6134183375 0.48541253281249996 0.5993995234375 0.48756998593749995 0.5823510625 0.4885704171875 0.5636405609375 0.49414417187500004 0.548353715625 0.49337504687499995 0.534871446875 0.49419224375 0.5176032265625 0.50103470625 0.517701503125 0.5038373328125 0.5497590328124999 0.5100000171875 0.5697226203125 0.5112596796875 0.586277496875 0.51495538125 0.6035239125 0.5195603484375 0.6093704093750001 0.520174840625 0.6122437515625 0.5174351781250001 0.58300158125 0.5123768296875 0.5617410078125 0.5084660703125 0.530073325 0.5023453671875 0.5389258703124999 0.4968526203125 0.55313003125 0.49666935468749995 0.5632632140625 0.49773439531249997 0.593986046875 0.4903513609375 0.6163319578124999 0.48767347499999997
1 0.609143021875 0.391129146875 0.5790628078125 0.3848957609375 0.5400497375 0.3774439625 0.5952077515624999 0.3691752484375 0.586970609375 0.36589828125 0.573283734375 0.36864867968750004 0.5279101765624999 0.3767261 0.5283983 0.37957070625 0.5526029546875 0.3854660765625 0.6078115171875 0.3962952671875 0.609143021875 0.391129146875
0 0.48984375 0.496875 0.03125 0.03125
0 0.5032326171875 0.3896735203125 0.5028803203125001 0.3621931546875 0.4758438671875 0.36074715468749996 0.47699511406250006 0.3910293828125 0.5032326171875 0.3896735203125
0 0.514320590625 0.2368573859375 0.509295559375 0.23968059375 0.5201484765625 0.2676311484375 0.5457066109375 0.2644271484375 0.5405481828124999 0.2384968984375 0.514320590625 0.2368573859375
1 0.5542712625 0.24664197031250001 0.5535329156250001 0.249915725 0.5818791671875 0.257642040625 0.6122607546875 0.264745696875 0.6384012734375 0.26721364375 0.63588403125 0.2655262765625 0.6022021421875 0.259220015625 0.5657887109375 0.24952767968749998 0.5885134765625 0.24325872187500003 0.6340611796875 0.23352442812500002 0.6347124546875 0.23107910937499998 0.59840574375 0.23536248906249999 0.5615475375 0.24489296718750003 0.5542712625 0.24664197031250001
1 0.5456227874999999 0.10513979375 0.5632549828125 0.10738315000000001 0.5950644171875 0.11598727499999999 0.626825984375 0.1224426265625 0.6301406015625 0.11967393125 0.60620434375 0.114625253125 0.5805469046875 0.1076420671875 0.5508611625000001 0.102378225 0.5376596765625 0.0998222921875 0.5568260859375 0.0979394140625 0.5803915703125 0.0986626390625 0.59481448125 0.0974506046875 0.6201464375 0.09167587968749999 0.6226060718750001 0.08673290312500001 0.6064997921875 0.090886090625 0.574592709375 0.09629954843750001 0.5479946859375 0.09564772656250001 0.5251834453125 0.095587975 0.5244049828125 0.1003768375 0.5456227874999999 0.10513979375
0 0.49765625 0.09765625 0.034375 0.03125