1 1 0.24284445156249998 0.94299964375 0.23906412187499998 0.8057450749999999 0.6079998453125001 0.9583698546875 0.640954471875 1 0.5310396093749999 1 0.24284445156249998
1 0.6856503375 0.9390116703125001 0.8257479968749999 0.9763635468749999 0.9188901734374999 0.7449493406250001 0.7856082859375 0.6908297890624999 0.6856503375 0.9390116703125001
0 0.07890625 0.52578125 0.0515625 0.0609375
0 0.125 0.54140625 0.0515625 0.0609375
0 0.16875 0.55625 0.046875 0.053125
0 0.21015625 0.57265625 0.04375 0.053125
0 0.25078125 0.5875 0.046875 0.0546875
0 0.2890625 0.6015625 0.04375 0.0515625
0 0.32578125 0.61796875 0.040625 0.0484375
0 0.38046875 0.55625 0.0390625 0.06875
0 0.35703125 0.5453125 0.040625 0.065625
0 0.32890625 0.5359375 0.040625 0.0640625
0 0.2984375 0.525 0.0453125 0.071875
0 0.26953125 0.5109375 0.0453125 0.0703125
0 0.2390625 0.4953125 0.04375 0.0734375
0 0.20625 0.4828125 0.0453125 0.071875
0 0.17734375 0.46796875 0.0453125 0.075
0 0.14296875 0.45390625 0.046875 0.075
0 0.109375 0.4375 0.046875 0.0765625