1 0.902361503125 0.179935259375 0.9508252484374999 0.0234286765625 0.5326727296875 0.021561309375 0.50874269375 0.17585869999999998 0.902361503125 0.179935259375
1 0.42419789999999996 0.1649744140625 0.4214369015625 0.021150339062500002 0.172013959375 0.02517461875 0.156678428125 0.16935276562499998 0.42419789999999996 0.1649744140625
0 0.325 0.88359375 0.053125 0.0390625
0 0.32734375 0.8359375 0.053125 0.0390625
0 0.32890625 0.7890625 0.0453125 0.0359375
0 0.328125 0.74453125 0.046875 0.0328125
0 0.32890625 0.7015625 0.0484375 0.034375
0 0.3296875 0.6609375 0.0453125 0.0328125
0 0.3265625 0.6203125 0.0421875 0.03125
0 0.4046875 0.59140625 0.065625 0.0203125
0 0.40703125 0.6171875 0.0625 0.0234375
0 0.4046875 0.646875 0.0609375 0.0234375
0 0.4046875 0.6796875 0.06875 0.0265625
0 0.4078125 0.7109375 0.0671875 0.0265625
0 0.4109375 0.7453125 0.0703125 0.025
0 0.41015625 0.78046875 0.06875 0.0265625
0 0.4140625 0.8125 0.071875 0.0265625
0 0.41484375 0.84921875 0.071875 0.028125
0 0.41875 0.8875 0.0734375 0.028125