1 1 0.1115437109375 0.6233628453125 0.0365858265625 0.5704311421875 0.1834822734375 0.9560402203124999 0.26258994375 1 0.18062465625 1 0.1115437109375
1 0.2598321765625 0 0.2260766796875 0.1099188421875 0.4895164921875 0.1566660546875 0.51424915 0.0149576109375 0.43007040312499994 0 0.2598321765625 0
0 0.2546875 0.84375 0.059375 0.0484375
0 0.26640625 0.79609375 0.059375 0.0484375
0 0.2765625 0.75078125 0.05 0.04375
0 0.284375 0.70703125 0.0515625 0.040625
0 0.29375 0.66484375 0.053125 0.0421875
0 0.3015625 0.625 0.05 0.040625
0 0.30703125 0.58515625 0.046875 0.0375
0 0.3890625 0.57109375 0.06875 0.0328125
0 0.3859375 0.596875 0.065625 0.0359375
0 0.37890625 0.62578125 0.0640625 0.034375
0 0.371875 0.6578125 0.071875 0.0390625
0 0.36875 0.6890625 0.0703125 0.0390625
0 0.365625 0.72421875 0.0734375 0.0375
0 0.35859375 0.75859375 0.071875 0.0390625
0 0.35625 0.790625 0.075 0.0390625
0 0.35 0.82734375 0.0734375 0.040625
0 0.34609375 0.86484375 0.0765625 0.0421875