1 0.249717125 1 0.29498002031250004 0.9714902171875 0.189166321875 0.5923387359375 0.0463200375 0.655388478125 0.140309834375 1 0.249717125 1
1 0 0.47971657656250005 0.0171331203125 0.5480492859375 0.15677110625 0.5134917953125 0.0917611359375 0.25395462812499997 0 0.289309775 0 0.47971657656250005
0 0.82578125 0.23125 0.0515625 0.0609375
0 0.7796875 0.24609375 0.0515625 0.0609375
0 0.734375 0.26015625 0.0453125 0.0515625
0 0.69140625 0.27109375 0.04375 0.053125
0 0.65 0.2828125 0.0453125 0.0546875
0 0.6109375 0.29375 0.0421875 0.0515625
0 0.571875 0.3015625 0.040625 0.046875
0 0.56328125 0.384375 0.0375 0.06875
0 0.5890625 0.3796875 0.0390625 0.065625
0 0.6171875 0.3703125 0.0390625 0.0640625
0 0.6484375 0.36171875 0.0421875 0.071875
0 0.6796875 0.35625 0.04375 0.0703125
0 0.7140625 0.35078125 0.0421875 0.0734375
0 0.74765625 0.340625 0.0421875 0.071875
0 0.7796875 0.3359375 0.04375 0.075
0 0.815625 0.32734375 0.04375 0.075
0 0.853125 0.32109375 0.0453125 0.0765625