1 0.8242489578125 0.502575 0.9792875000000001 0.48404444375000005 0.9920145828125 0.06608148124999999 0.8339119796875 0.109053703125 0.8242489578125 0.502575
1 0.8184640625 0.8546518515624999 0.9630895828125 0.8443574078125 0.9758161453125 0.5952268515625 0.8321760421875 0.5874481484375 0.8184640625 0.8546518515624999
0 0.11015625 0.66171875 0.03671875 0.0515625
0 0.15859375 0.6609375 0.03671875 0.0515625
0 0.20546875 0.6609375 0.034375 0.04453125
0 0.25 0.66328125 0.03203125 0.0453125
0 0.29296875 0.6640625 0.0328125 0.04609375
0 0.33359375 0.66484375 0.03125 0.04296875
0 0.3734375 0.66875 0.0296875 0.04140625
0 0.40546875 0.5921875 0.01953125 0.06484375
0 0.3796875 0.5890625 0.02109375 0.0625
0 0.35 0.58984375 0.02265625 0.0609375
0 0.3171875 0.5890625 0.0234375 0.06875
0 0.2859375 0.58515625 0.025 0.06640625
0 0.2515625 0.58046875 0.02265625 0.0703125
0 0.21640625 0.5796875 0.0234375 0.06875
0 0.184375 0.575 0.0234375 0.071875
0 0.14765625 0.57265625 0.02421875 0.0703125
0 0.11015625 0.56796875 0.02578125 0.07265625