0 0.95859375 0.815625 0.0578125 0.05
0 0.94375 0.71953125 0.0515625 0.0453125
0 0.94765625 0.76796875 0.0515625 0.046875
0 0.87109375 0.8328125 0.06875 0.0328125
0 0.865625 0.803125 0.075 0.0359375
0 0.86328125 0.7640625 0.08125 0.040625
0 0.85625 0.72890625 0.0859375 0.0375
0 0.9390625 0.6671875 0.0609375 0.0515625
0 0.934375 0.61875 0.0578125 0.0453125
0 0.93125 0.57734375 0.0484375 0.034375
0 0.92734375 0.5375 0.0625 0.046875
0 0.91875 0.49296875 0.0640625 0.05
0 0.9140625 0.44765625 0.0578125 0.0453125
0 0.8265625 0.45546875 0.0859375 0.0375
0 0.82578125 0.4953125 0.084375 0.0390625
0 0.8328125 0.5328125 0.084375 0.0390625
0 0.83984375 0.57421875 0.0890625 0.0390625
0 0.8453125 0.6140625 0.0859375 0.0390625
0 0.8484375 0.653125 0.090625 0.040625
0 0.853125 0.69140625 0.084375 0.0390625
0 0.77421875 0.81015625 0.0640625 0.0484375
0 0.76796875 0.76171875 0.0578125 0.04375
0 0.76015625 0.71328125 0.0609375 0.046875
0 0.75625 0.665625 0.0609375 0.046875
0 0.7453125 0.615625 0.0609375 0.05
0 0.73671875 0.5640625 0.0578125 0.046875
0 0.7421875 0.51015625 0.0546875 0.0484375
0 0.6921875 0.86015625 0.0875 0.0359375
0 0.6890625 0.8296875 0.084375 0.034375
0 0.68125 0.7953125 0.0875 0.034375
0 0.6765625 0.76328125 0.084375 0.0375
0 0.66953125 0.72890625 0.0859375 0.0375
0 0.665625 0.6953125 0.0875 0.0375
0 0.66171875 0.6609375 0.08125 0.0375
0 0.6546875 0.628125 0.0828125 0.0390625
0 0.64921875 0.59453125 0.078125 0.034375
0 0.6421875 0.52734375 0.08125 0.0375
0 0.63515625 0.48984375 0.0859375 0.034375
0 0.56015625 0.57421875 0.0875 0.0390625
0 0.55625 0.6109375 0.078125 0.0375
0 0.56484375 0.6453125 0.078125 0.034375
0 0.56953125 0.68125 0.078125 0.0375
0 0.57734375 0.71328125 0.0734375 0.03125
0 0.57578125 0.74609375 0.08125 0.034375
0 0.57890625 0.77734375 0.071875 0.0328125
0 0.5828125 0.809375 0.0828125 0.034375
0 0.59453125 0.84453125 0.0765625 0.0328125
0 0.48828125 0.7890625 0.0671875 0.0328125
0 0.4828125 0.75546875 0.065625 0.0328125
0 0.46875 0.66484375 0.0515625 0.0421875
0 0.4609375 0.62109375 0.0515625 0.0421875
0 0.45078125 0.57890625 0.046875 0.0375
0 0.89453125 0.34296875 0.0515625 0.0484375
0 0.8859375 0.28671875 0.0546875 0.05
0 0.87421875 0.23203125 0.0609375 0.046875
0 0.81640625 0.35390625 0.0546875 0.05
0 0.81171875 0.29609375 0.0578125 0.05
0 0.8078125 0.24453125 0.0609375 0.05
0 0.74609375 0.3640625 0.0515625 0.0515625
0 0.74296875 0.30703125 0.05625 0.05
0 0.7359375 0.25390625 0.0484375 0.046875
0 0.659375 0.38125 0.0765625 0.0375
0 0.653125 0.34453125 0.08125 0.034375
0 0.6453125 0.30703125 0.078125 0.0375
0 0.64140625 0.26953125 0.08125 0.0375
0 0.559375 0.39609375 0.0890625 0.0421875
0 0.55 0.36015625 0.084375 0.0359375
0 0.5453125 0.3234375 0.084375 0.0375
0 0.53671875 0.28671875 0.084375 0.0375
0 0.45859375 0.41328125 0.0859375 0.0375
0 0.4515625 0.37421875 0.09375 0.0390625
0 0.4453125 0.3390625 0.084375 0.034375
0 0.38203125 0.26171875 0.0875 0.0375
0 0.37265625 0.21796875 0.084375 0.0375
0 0.3390625 0.17109375 0.0703125 0.05625
0 0.33046875 0.1171875 0.0609375 0.053125
0 0.3203125 0.0625 0.0671875 0.0546875
0 0.859375 0.17890625 0.08125 0.0359375
0 0.7671875 0.190625 0.08125 0.0375
0 0.6703125 0.20390625 0.0828125 0.0375
0 0.57734375 0.215625 0.096875 0.0359375
0 0.48125 0.23046875 0.0796875 0.034375
0 0.859375 0.125 0.0875 0.0390625
0 0.85234375 0.08671875 0.090625 0.04375
0 0.84609375 0.04765625 0.084375 0.040625
0 0.840625 0.01328125 0.090625 0.0265625
0 0.7796875 0.1328125 0.0578125 0.05
0 0.771875 0.078125 0.0609375 0.053125
0 0.76171875 0.02265625 0.0546875 0.0453125
0 0.696875 0.153125 0.084375 0.0375
0 0.6859375 0.1140625 0.0796875 0.0375
0 0.6796875 0.0734375 0.084375 0.040625
0 0.671875 0.03046875 0.0875 0.0390625
0 0.60078125 0.16953125 0.0875 0.040625
0 0.58984375 0.12734375 0.078125 0.0375
0 0.584375 0.0859375 0.08125 0.040625
0 0.57265625 0.04375 0.084375 0.040625
0 0.56640625 0.01015625 0.0765625 0.0203125
0 0.50078125 0.16875 0.075 0.0390625
0 0.4921875 0.12421875 0.084375 0.0375
0 0.4875 0.07578125 0.0859375 0.040625
0 0.475 0.03203125 0.0875 0.040625
0 0.39375 0.05234375 0.0625 0.05625
0 0.40390625 0.10703125 0.0578125 0.053125
0 0.41171875 0.16171875 0.0640625 0.0546875
0 0.41953125 0.30078125 0.109375 0.046875
0 0.2625 0.4390625 0.109375 0.046875
0 0.25234375 0.3765625 0.115625 0.0484375