0 0.12421875 0.91015625 0.0453125 0.053125
0 0.22109375 0.909375 0.0421875 0.046875
0 0.17265625 0.90625 0.0421875 0.046875
0 0.11875 0.821875 0.0265625 0.065625
0 0.14921875 0.81953125 0.0296875 0.071875
0 0.18828125 0.82265625 0.0328125 0.078125
0 0.22421875 0.82109375 0.0296875 0.0828125
0 0.2734375 0.91171875 0.046875 0.0578125
0 0.321875 0.91328125 0.040625 0.053125
0 0.36328125 0.91640625 0.03125 0.0453125
0 0.40390625 0.91796875 0.0421875 0.0578125
0 0.44921875 0.915625 0.0453125 0.059375
0 0.49453125 0.9171875 0.040625 0.053125
0 0.49921875 0.8296875 0.0296875 0.0828125
0 0.459375 0.8234375 0.03125 0.08125
0 0.42109375 0.825 0.03125 0.08125
0 0.3796875 0.82578125 0.0296875 0.0859375
0 0.3390625 0.82578125 0.0296875 0.0828125
0 0.3 0.82421875 0.0296875 0.0875
0 0.26171875 0.8234375 0.0296875 0.08125
0 0.1546875 0.728125 0.04375 0.059375
0 0.20390625 0.72890625 0.0390625 0.053125
0 0.25234375 0.728125 0.0421875 0.05625
0 0.30078125 0.73125 0.0421875 0.05625
0 0.3515625 0.72734375 0.0453125 0.05625
0 0.40390625 0.72578125 0.0421875 0.053125
0 0.45625 0.73828125 0.04375 0.05
0 0.11640625 0.63984375 0.028125 0.084375
0 0.14765625 0.64140625 0.0265625 0.08125
0 0.1828125 0.63828125 0.0234375 0.0859375
0 0.21484375 0.63828125 0.0296875 0.08125
0 0.25 0.6359375 0.0296875 0.0828125
0 0.28359375 0.63671875 0.0296875 0.084375
0 0.31796875 0.6375 0.0296875 0.078125
0 0.3515625 0.6359375 0.03125 0.0796875
0 0.3859375 0.634375 0.0265625 0.075
0 0.453125 0.63671875 0.0296875 0.078125
0 0.49140625 0.63515625 0.0265625 0.0828125
0 0.41796875 0.54921875 0.03125 0.084375
0 0.38203125 0.53984375 0.0296875 0.075
0 0.346875 0.54453125 0.0265625 0.075
0 0.3109375 0.54375 0.0296875 0.075
0 0.278125 0.546875 0.025 0.071875
0 0.24609375 0.540625 0.0265625 0.078125
0 0.2140625 0.53984375 0.0265625 0.06875
0 0.18203125 0.5390625 0.0265625 0.0796875
0 0.14609375 0.5453125 0.025 0.075
0 0.215625 0.4484375 0.0265625 0.0640625
0 0.24921875 0.446875 0.0265625 0.0625
0 0.340625 0.44609375 0.0390625 0.046875
0 0.38515625 0.44375 0.0390625 0.046875
0 0.428125 0.43984375 0.0328125 0.04375
0 0.60078125 0.9125 0.0453125 0.046875
0 0.6578125 0.9125 0.0453125 0.05
0 0.71328125 0.9078125 0.0421875 0.05625
0 0.60078125 0.83359375 0.0453125 0.05
0 0.6578125 0.8375 0.0453125 0.053125
0 0.71015625 0.840625 0.0453125 0.05625
0 0.6 0.7625 0.0484375 0.0484375
0 0.65703125 0.76796875 0.0453125 0.0515625
0 0.7109375 0.76796875 0.0421875 0.04375
0 0.5953125 0.67421875 0.0296875 0.0734375
0 0.6328125 0.6734375 0.0265625 0.078125
0 0.6703125 0.67109375 0.0296875 0.075
0 0.70859375 0.67265625 0.0296875 0.078125
0 0.59453125 0.5734375 0.0328125 0.0859375
0 0.63125 0.56875 0.028125 0.08125
0 0.66796875 0.56953125 0.0296875 0.08125
0 0.70625 0.56640625 0.0296875 0.08125
0 0.5921875 0.47109375 0.0296875 0.0828125
0 0.63125 0.46953125 0.0296875 0.090625
0 0.6671875 0.46875 0.0265625 0.08125
0 0.75234375 0.41640625 0.0296875 0.084375
0 0.796875 0.41328125 0.0296875 0.08125
0 0.8484375 0.38671875 0.05 0.0671875
0 0.903125 0.38515625 0.0484375 0.0578125
0 0.95859375 0.3828125 0.0484375 0.0640625
0 0.76796875 0.90078125 0.028125 0.078125
0 0.76875 0.8078125 0.0296875 0.078125
0 0.76953125 0.71015625 0.0296875 0.0796875
0 0.7703125 0.61640625 0.0265625 0.09375
0 0.76953125 0.51875 0.0265625 0.0765625
0 0.82109375 0.9078125 0.03125 0.084375
0 0.86015625 0.90625 0.034375 0.0875
0 0.9 0.90546875 0.0328125 0.08125
0 0.94140625 0.90625 0.0328125 0.0875
0 0.825 0.828125 0.0453125 0.053125
0 0.88046875 0.828125 0.0484375 0.0578125
0 0.9390625 0.8265625 0.046875 0.0515625
0 0.81640625 0.74296875 0.0296875 0.08125
0 0.85625 0.7375 0.0296875 0.0765625
0 0.89765625 0.7375 0.0328125 0.08125
0 0.94140625 0.7359375 0.03125 0.084375
0 0.9828125 0.7359375 0.028125 0.0796875
0 0.81328125 0.64609375 0.0328125 0.084375
0 0.85625 0.640625 0.0296875 0.075
0 0.8984375 0.64140625 0.0328125 0.078125
0 0.94140625 0.63515625 0.0328125 0.08125
0 0.9828125 0.6359375 0.028125 0.0734375
0 0.828125 0.546875 0.0328125 0.071875
0 0.8734375 0.54453125 0.0296875 0.08125
0 0.921875 0.54609375 0.0328125 0.0828125
0 0.96640625 0.53984375 0.0328125 0.084375
0 0.9578125 0.45703125 0.0515625 0.0578125
0 0.90234375 0.459375 0.0484375 0.0546875
0 0.846875 0.46015625 0.05 0.0609375
0 0.70859375 0.4484375 0.0359375 0.10625
0 0.59296875 0.2734375 0.0359375 0.10625
0 0.65625 0.271875 0.0359375 0.1125