0 0.0125 0.26796875 0.025 0.0578125
0 0.02578125 0.3609375 0.0515625 0.053125
0 0.0203125 0.3140625 0.040625 0.053125
0 0.0765625 0.23671875 0.0703125 0.04375
0 0.0875 0.26484375 0.0765625 0.0484375
0 0.096875 0.303125 0.084375 0.053125
0 0.109375 0.33671875 0.0875 0.0515625
0 0.03828125 0.41171875 0.0671875 0.059375
0 0.0515625 0.4578125 0.0625 0.053125
0 0.06171875 0.4984375 0.0515625 0.0421875
0 0.07265625 0.5375 0.0671875 0.05625
0 0.0890625 0.5796875 0.0703125 0.059375
0 0.1015625 0.6234375 0.0625 0.053125
0 0.1859375 0.60078125 0.0875 0.0515625
0 0.1796875 0.5609375 0.0859375 0.0515625
0 0.16640625 0.525 0.0859375 0.0515625
0 0.15234375 0.4859375 0.090625 0.0515625
0 0.13984375 0.44765625 0.0875 0.0515625
0 0.13046875 0.409375 0.0921875 0.053125
0 0.11875 0.3734375 0.0859375 0.05
0 0.17578125 0.2421875 0.06875 0.0578125
0 0.190625 0.2890625 0.0625 0.0515625
0 0.20703125 0.334375 0.065625 0.0546875
0 0.21875 0.38203125 0.065625 0.0546875
0 0.23828125 0.42890625 0.0671875 0.0578125
0 0.25546875 0.478125 0.0625 0.0546875
0 0.259375 0.53203125 0.059375 0.0546875
0 0.2484375 0.178125 0.0890625 0.05
0 0.25625 0.20859375 0.084375 0.0484375
0 0.2703125 0.240625 0.0890625 0.0453125
0 0.28046875 0.27109375 0.0859375 0.05
0 0.29296875 0.30390625 0.0875 0.0515625
0 0.303125 0.33671875 0.0890625 0.0515625
0 0.31328125 0.36953125 0.0828125 0.05
0 0.325 0.40078125 0.084375 0.0515625
0 0.33671875 0.4328125 0.0796875 0.0453125
0 0.35546875 0.49765625 0.0828125 0.05
0 0.36875 0.53359375 0.0859375 0.0484375
0 0.42734375 0.4375 0.0890625 0.053125
0 0.42578125 0.4 0.0796875 0.0484375
0 0.4109375 0.36796875 0.0796875 0.0453125
0 0.4 0.33359375 0.0796875 0.0484375
0 0.38671875 0.303125 0.075 0.04375
0 0.3828125 0.27109375 0.08125 0.046875
0 0.37421875 0.240625 0.0734375 0.04375
0 0.36484375 0.209375 0.0828125 0.046875
0 0.34765625 0.17734375 0.078125 0.04375
0 0.46171875 0.21328125 0.06875 0.0421875
0 0.47265625 0.2453125 0.0671875 0.0421875
0 0.5015625 0.33203125 0.05625 0.05
0 0.51796875 0.3734375 0.05625 0.05
0 0.53515625 0.41328125 0.0515625 0.04375
0 0.13828125 0.7234375 0.0578125 0.05625
0 0.15703125 0.77734375 0.0609375 0.05625
0 0.178125 0.82890625 0.065625 0.0546875
0 0.21328125 0.6984375 0.0609375 0.05625
0 0.228125 0.7546875 0.0640625 0.0578125
0 0.24140625 0.80546875 0.0671875 0.0578125
0 0.28125 0.6765625 0.0578125 0.0578125
0 0.29375 0.73203125 0.0625 0.05625
0 0.31015625 0.78359375 0.0546875 0.053125
0 0.36328125 0.64453125 0.078125 0.0484375
0 0.37578125 0.6796875 0.08125 0.046875
0 0.38984375 0.71484375 0.0796875 0.0484375
0 0.40078125 0.7515625 0.0828125 0.05
0 0.459375 0.61328125 0.090625 0.0546875
0 0.475 0.64609375 0.0859375 0.0484375
0 0.4859375 0.68125 0.0859375 0.05
0 0.50078125 0.71640625 0.0859375 0.05
0 0.55625 0.578125 0.0875 0.0515625
0 0.56953125 0.61484375 0.0953125 0.053125
0 0.58125 0.64921875 0.084375 0.0484375
0 0.6578125 0.7140625 0.0890625 0.0515625
0 0.67421875 0.75546875 0.0859375 0.05
0 0.715625 0.79609375 0.0765625 0.065625
0 0.73359375 0.84765625 0.0671875 0.0609375
0 0.753125 0.9 0.0734375 0.0625
0 0.2015625 0.87890625 0.0828125 0.0484375
0 0.290625 0.85078125 0.0828125 0.05
0 0.38359375 0.821875 0.084375 0.05
0 0.47265625 0.79375 0.096875 0.0515625
0 0.565625 0.76171875 0.08125 0.046875
0 0.2109375 0.93125 0.0890625 0.053125
0 0.225 0.96796875 0.09375 0.05625
0 0.2375 0.9890625 0.0875 0.021875
0 0.28828125 0.91015625 0.0640625 0.0578125
0 0.30546875 0.96328125 0.0671875 0.0609375
0 0.36640625 0.87578125 0.0859375 0.05
0 0.384375 0.91171875 0.08125 0.05
0 0.396875 0.9515625 0.0875 0.0546875
0 0.41171875 0.9828125 0.0890625 0.034375
0 0.4578125 0.84296875 0.0890625 0.0546875
0 0.4765625 0.88203125 0.0796875 0.0484375
0 0.4890625 0.92265625 0.0828125 0.0515625
0 0.5078125 0.96171875 0.0875 0.053125
0 0.5203125 0.9890625 0.078125 0.021875
0 0.55625 0.8265625 0.078125 0.0515625
0 0.57265625 0.86875 0.0859375 0.05
0 0.5859375 0.915625 0.0890625 0.0546875
0 0.60625 0.95625 0.0890625 0.0546875
0 0.68203125 0.921875 0.06875 0.0640625
0 0.66328125 0.8703125 0.0640625 0.0609375
0 0.6453125 0.8171875 0.0703125 0.0640625
0 0.6140625 0.6828125 0.1109375 0.0640625
0 0.74453125 0.51875 0.1109375 0.0640625
0 0.76484375 0.578125 0.1171875 0.065625