1 0.5615652546875001 0.27477654375 0.570553953125 0.327253659375 0.5728660765625 0.3343676484375 0.5765867421875 0.3374724328125 0.6254211859375001 0.3189894 0.6221211046875 0.2927753140625 0.6144419359375 0.2612220140625 0.6107365515625001 0.2567042203125 0.5996742109375 0.253953759375 0.5815612 0.2562073609375 0.5615652546875001 0.27477654375
1 0.5427002015625 0.1887830296875 0.5422105265625 0.20250241406249997 0.5511454140625001 0.24417660312499997 0.5534575375 0.2512905921875 0.5570174171875 0.2534835203125 0.6065255671875 0.235821903125 0.604350984375 0.21599083125 0.5945510406250001 0.17540938281250001 0.5826694890625 0.1695126375 0.566447378125 0.1704926140625 0.559427271875 0.17267065625 0.5427002015625 0.1887830296875
1 0.6991862234374999 0.125462346875 0.6795424109375 0.1430292296875 0.67860094375 0.15118701875 0.681655865625 0.16851233906250002 0.691647159375 0.20717962812500001 0.7404510390625 0.1915226125 0.7410709359375 0.18154110625 0.7375336578125 0.1614802078125 0.7276420203125 0.1293768171875 0.7227500109375 0.12412804531249999 0.714060921875 0.12283953593750001 0.6991862234374999 0.125462346875
1 0.607213271875 0.1722364796875 0.6172736578125 0.2202936828125 0.6194249968750001 0.2264958125 0.6234977984375 0.22859829843749999 0.673679653125 0.2117581 0.6674243078125001 0.1747825875 0.6611922046875 0.15143601874999998 0.6472589734375 0.145901040625 0.6291459625 0.14815464375 0.6084763109375 0.1659024078125 0.607213271875 0.1722364796875
1 0.6366210671875 0.3090227765625 0.6404413890625 0.3186914578125 0.6918098703125 0.302582234375 0.6915952765625 0.29086745 0.6796745578125 0.2412578546875 0.6626638015624999 0.2362655265625 0.6477891015624999 0.2388883375 0.6266065281250001 0.25672654375000004 0.6366210671875 0.3090227765625
1 0.697083296875 0.2410088546875 0.707786825 0.2927134921875 0.7128243375000001 0.30028713281249997 0.7633277625 0.2852706515625 0.763786875 0.274377284375 0.7517053703125 0.2238558296875 0.738285059375 0.218230409375 0.7184725015625 0.219843478125 0.6981549859375 0.23658894218749998 0.697083296875 0.2410088546875
1 0.725978171875 0.377885590625 0.7319803968749999 0.390930384375 0.7840225843749999 0.375642578125 0.7797577921875 0.3439573375 0.7718872718750001 0.3143181984375 0.7536898890625 0.3085948953125 0.736250584375 0.311669915625 0.717632615625 0.3290559125 0.725978171875 0.377885590625
1 0.666271453125 0.32871017343750003 0.6459539390625 0.3454556375 0.6551034203125 0.398844609375 0.6599495828124999 0.408332409375 0.7121525578125001 0.3939564625 0.7130634609375 0.388624690625 0.7092046125 0.366740075 0.7012038703125001 0.33336305781250003 0.69817219375 0.32966668125 0.68541030625 0.3262756859375 0.666271453125 0.32871017343750003
1 0.5932698921874999 0.42008983750000006 0.6418212921875 0.4119990203125 0.644416459375 0.40872079531249994 0.6356496765624999 0.3515035 0.6107843234375 0.3469559390625 0.5812953640625 0.35967731718749996 0.5893884421875 0.41607319374999996 0.5932698921874999 0.42008983750000006
1 0.6304937546875 0.5442154328125001 0.6332882359374999 0.5540649984375 0.636335196875 0.5563483671875 0.6582452828124999 0.5501345015625 0.666849996875 0.54344610625 0.64798494375 0.457452590625 0.6444709109375 0.451020634375 0.622063184375 0.45591193125 0.6143235265625 0.46150758593749996 0.6304937546875 0.5442154328125001
1 0.6645977171874999 0.46768624687499993 0.6832328953125 0.5433779875 0.710785109375 0.5361692640625 0.715125671875 0.5292925421875 0.69626061875 0.44329902656250003 0.6898604109375001 0.4354955625 0.6712344796874999 0.43783960781250003 0.66227763125 0.4455303046875 0.6645977171874999 0.46768624687499993
1 0.7059064562499999 0.4350167359375 0.725062515625 0.5256599890625 0.7294263234375 0.5324122109375 0.7569785375 0.5252034859375 0.7626665125 0.5199696 0.7420328203125 0.423945634375 0.7325550875 0.41668482031250004 0.71476365 0.4207621421875 0.706817359375 0.429684965625 0.7059064562499999 0.4350167359375
1 0.7731774062500001 0.5105945671875001 0.77617851875 0.5171169625 0.7785670546875 0.5171659046875 0.8073364609375 0.5078621375 0.81045983125 0.503080459375 0.789634790625 0.4089706546875 0.7818566062500001 0.402350375 0.763230675 0.40469441875 0.7531868562499999 0.4182180390625 0.7731774062500001 0.5105945671875001
1 0.7811170171875 0.549623621875 0.7996605 0.6337934203125 0.8051498046875001 0.6469286546874999 0.8213871984375001 0.64453566875 0.8404416765624999 0.634124275 0.8197774203125 0.5409263296875 0.8154288953125001 0.5327611 0.7947818468750001 0.532640890625 0.78721825625 0.5377353968749999 0.7811170171875 0.549623621875
1 0.7352145953125 0.5652391359375 0.7554270609375 0.6528754859375 0.7607861437500001 0.6622728421875 0.793352628125 0.649008815625 0.7723362359375 0.55681316875 0.7693351234375 0.5502907734375 0.7645886156249999 0.5473668703125 0.745449765625 0.5498013578125 0.7361254984375 0.559907365625 0.7352145953125 0.5652391359375
1 0.707725434375 0.6612865703125 0.7120281125 0.6736908296874999 0.739580328125 0.6664821062499999 0.7459725734375 0.6592436171875 0.7254691015625 0.566957528125 0.7209292265625 0.5607064578125 0.7028467828125 0.560134040625 0.6888603828125001 0.575293053125 0.707725434375 0.6612865703125
1 0.6473290859375 0.581205828125 0.642957959375 0.5909085671875001 0.6621751484375 0.6758997828125 0.6658041203125 0.687482625 0.66869029375 0.688854134375 0.6962730734375 0.6788193921875 0.700774421875 0.672854528125 0.6802403859374999 0.5833944609375 0.678089046875 0.5771923296875 0.674031528125 0.5736768375 0.6576486312500001 0.5737449546875 0.6473290859375 0.581205828125
1 0.7210008859375 0.6960840375 0.7174948140625 0.7046940359375 0.73802885 0.7941541046875 0.7423620921875 0.8037323437499999 0.7731831828125 0.7940668109375 0.7761457671875001 0.7883732718750001 0.7538125296875 0.6917087734375 0.7502679296875 0.6881028375 0.741930978125 0.685812028125 0.7282429046875001 0.689165815625 0.7210008859375 0.6960840375
1 0.7837704875 0.77762673125 0.7872386734375 0.7882977140625 0.7896119265625 0.789759665625 0.8181899843749999 0.7823700578125 0.82249998125 0.7783193546875 0.801192584375 0.6814739734375 0.7961397890625 0.6753133421874999 0.77924396875 0.6754719031249999 0.76544891875 0.6887167546875 0.7837704875 0.77762673125
1 0.81042515625 0.679846021875 0.832306603125 0.770948925 0.836509625 0.7767892875 0.8644139765625001 0.7685782624999999 0.869941165625 0.762432515625 0.8480902828125 0.66850359375 0.841690075 0.6607001296874999 0.8247942546875 0.6608586890625 0.8137704421875 0.6703241625 0.81042515625 0.679846021875
1 0.6772498031249999 0.71790168125 0.67578013125 0.7275629218749999 0.6689208125 0.7306528250000001 0.6668232828125 0.7352536203125 0.693819296875 0.8583620296875001 0.6971572640625 0.8652951359375001 0.7351592421875 0.8543634171875001 0.736391715625 0.8508553640625 0.7104521078125 0.7247400515625 0.7074509953125 0.71821765625 0.699757184375 0.7195742828125 0.6940765296875 0.70835320625 0.6772498031249999 0.71790168125
1 0.6628979109375 0.8299667515625 0.6573474765625 0.8224835546874999 0.6546141249999999 0.8069819515625 0.656681090625 0.8052071749999999 0.6595367015625 0.809404703125 0.6619558015625 0.806627625 0.65720929375 0.8037037234375 0.6560299875 0.7865177859375 0.647180115625 0.7843174171875 0.6442328109375 0.7885979453124999 0.6362174296875 0.7881308546875 0.6315705796875 0.79177085 0.62852361875 0.78948748125 0.62745193125 0.7939073921875 0.6437523796875 0.8803531171874999 0.6455515843749999 0.887557546875 0.64859854375 0.889840915625 0.6757986234375 0.8836344921875 0.6808128921875001 0.8775791875 0.674481134375 0.8476687234375 0.669343965625 0.8335311875 0.66698599375 0.8306562265625 0.6650339671875 0.837581890625 0.6628979109375 0.8299667515625
1 0.5936243343750001 0.9079962406250001 0.6138043093750001 0.9039678609375 0.6265123890625001 0.8965559296875 0.615196284375 0.8383778359375 0.60554184375 0.80012125625 0.5723169359375 0.8111508578125 0.5901255828124999 0.900151275 0.5936243343750001 0.9079962406250001
1 0.5970740296875 0.7625956515625 0.601598621875 0.770259734375 0.6253690421875 0.7655982609375 0.6331087 0.7600026078125001 0.6148482609375 0.66544059375 0.6088001890625 0.656634828125 0.584501565625 0.6627997515625 0.580161003125 0.6696764734375 0.5970740296875 0.7625956515625
1 0.5709736359375001 0.6355684796875 0.5754370984375 0.6488845984375 0.6060668375 0.641133225 0.60800358125 0.6356205703125 0.5892302234375 0.5411489984375 0.585364053125 0.5357193453125 0.55644914375 0.5426982421875 0.5534865578125 0.5483917796875 0.5709736359375001 0.6355684796875
1 0.528772103125 0.435223378125 0.550592421875 0.53197831875 0.57727958125 0.5258623375 0.582615421875 0.52163075 0.5677620390625 0.44339175781250006 0.5638420609375 0.427159178125 0.5604888125 0.4216390828125 0.53429929375 0.42907763125000004 0.528772103125 0.435223378125
1 0.5225705656249999 0.409050790625 0.5260998828125001 0.41406973750000003 0.5538128828125 0.40777287187500005 0.55850558125 0.3998938484375 0.5398624421875 0.3091601546875 0.53650919375 0.303640059375 0.5067292296875 0.3117117 0.5042795640625 0.3173147953125 0.5225705656249999 0.409050790625
1 0.4989430828125 0.2900494671875 0.503819809375 0.296711246875 0.528998771875 0.2880405734375 0.5336609046875 0.28298756875 0.5159519125 0.20055104687499997 0.5097736203125 0.188007403125 0.48425780625000003 0.1962673703125 0.48062151406250003 0.201139490625 0.4989430828125 0.2900494671875
1 0.43112993125 0.2803819296875 0.4387094453125 0.3053713328125 0.4700434546875 0.29561535625 0.471467278125 0.29019314375 0.452441440625 0.20328776875000001 0.4490881921875 0.19776767343749999 0.4191168765625 0.2077534734375 0.4175322671875 0.2122638265625 0.43112993125 0.2803819296875
1 0.43206536250000005 0.35167293437499997 0.4415743015625 0.3876046453125 0.4905695296875 0.3700334703125 0.4877212390625 0.34938098125 0.478725221875 0.31335882812500004 0.47636725156250004 0.3104838671875 0.4683213046875 0.31284279531250003 0.4294084234375 0.3291062828125 0.43206536250000005 0.35167293437499997
1 0.387769509375 0.31341320625 0.3905945546875 0.3204367546875 0.39399365 0.321717821875 0.421737215625 0.3125949375 0.42502137187500005 0.3087251171875 0.416469184375 0.2632226078125 0.40353790624999997 0.21238088593749999 0.373918725 0.2213643859375 0.3697695125 0.22632694843749998 0.387769509375 0.31341320625
1 0.33965462031250004 0.328478628125 0.344339996875 0.33705456875 0.37429602968750003 0.328481778125 0.3775801875 0.3246119578125 0.374907965625 0.30345831562500003 0.3583091890625 0.2288178171875 0.328529225 0.23688945781249998 0.323002034375 0.2430352046875 0.33965462031250004 0.328478628125
1 0.2757522015625 0.257007884375 0.29304792812499997 0.34609874375 0.29522983125 0.3494748546875 0.321564853125 0.344361175 0.327046196875 0.34245445625 0.32863080624999996 0.337944103125 0.312843278125 0.2514079375 0.3090076734375 0.24315226406249998 0.28025354999999996 0.251043021875 0.2757522015625 0.257007884375
1 0.3045022125 0.42305667031249994 0.3068143375 0.430170659375 0.3098612984375 0.4324540265625 0.3554268671875 0.41642780312500005 0.3527699265625 0.3938611546875 0.3441260453125 0.3568367 0.3409030171875 0.3550544828125 0.29532216718750004 0.3724937140625 0.2949241828125 0.37773504375 0.3045022125 0.42305667031249994
1 0.4237370140625 0.39592099375 0.42500005312500005 0.389586921875 0.4131404640625 0.33432528906250003 0.36314995781250003 0.349251328125 0.3714955125 0.39808100625 0.3768240328125 0.41030438281250003 0.4237370140625 0.39592099375
1 0.4393032703125 0.5186942546875 0.4696267203125 0.507706153125 0.45159615937500003 0.42344591249999997 0.4482429109375 0.41792581875 0.42118833437500003 0.426457109375 0.41944294062500004 0.430055603125 0.4357739546875 0.5136753078125 0.4393032703125 0.5186942546875
1 0.476179109375 0.46988260625 0.4853970421875 0.5011645796875001 0.5162334140625 0.49008603749999996 0.499971490625 0.41585624687499995 0.49701622656250005 0.40509482343750003 0.49398454843749995 0.4013984453125 0.46625626562500005 0.40910831875 0.46518457812499997 0.41352823125000004 0.476179109375 0.46988260625
1 0.3864418734375 0.530835775 0.3894582671875 0.5359451609375 0.40056645625 0.53445659375 0.4211596953125 0.523773875 0.416527484375 0.4945039453125 0.4023404890625 0.43354133125 0.3938121875 0.4331646828125 0.3686026609375 0.4446613765625 0.3864418734375 0.530835775
1 0.3423386546875 0.55365571875 0.36819132187500003 0.5458064625 0.3718276140625 0.5409343421874999 0.35284762187499996 0.44978993906250003 0.321161478125 0.4605482140625 0.334376440625 0.5324946359375 0.33877877500000003 0.5514627937500001 0.3423386546875 0.55365571875
1 0.289890521875 0.5591429015625 0.2935806234375 0.5650737046875001 0.320780703125 0.5588672828125001 0.32441699375 0.5539951624999999 0.3077338453125 0.47137775781249996 0.30389824062500004 0.463122084375 0.281299165625 0.469927540625 0.274072428125 0.47543275312500005 0.289890521875 0.5591429015625
1 0.31515642499999996 0.684436796875 0.3188465265625 0.6903676015625 0.34434705781249997 0.68352064375 0.349361325 0.6774653390625 0.33405615312500003 0.5936647515625 0.3300597640625 0.5844972187499999 0.31265102499999997 0.5847462203125 0.299238675 0.594162753125 0.31515642499999996 0.684436796875
1 0.36272782812500004 0.672287834375 0.3649097328125 0.6756639468750001 0.3902189140625 0.6707311484375 0.3950723984375 0.6637639859375 0.37960643906249997 0.5790515359375 0.374584209375 0.5700648890625 0.3582013109375 0.5701330062500001 0.34543210156250004 0.583196975 0.36272782812500004 0.672287834375
1 0.4104214921875 0.6488347984375 0.41456338437499995 0.6603272 0.4169366390625 0.6617891499999999 0.4439759328125 0.6546708671875 0.44658638437500003 0.64997963125 0.42813459375 0.5573317765625 0.4247507828125 0.5546377 0.40545114531250004 0.5561603265625 0.3934167734375 0.564393675 0.4104214921875 0.6488347984375
1 0.44513739062499996 0.5472821515625 0.443522215625 0.5546185234375 0.45142329999999997 0.58143164375 0.46344367656249996 0.6376051375 0.470724221875 0.64290285 0.49279509375 0.63760084375 0.4957576796875 0.63190730625 0.47910509531249995 0.5464638828124999 0.477788246875 0.5419950296875 0.4732178078125 0.5385699765624999 0.456482775 0.5396403953125 0.44513739062499996 0.5472821515625
1 0.5097899265625 0.612509265625 0.5167568640625 0.6310252125 0.54743245 0.619034809375 0.5382371203125 0.5698848640625 0.529432453125 0.5319485515625 0.5255968484375 0.5236928796875 0.49770778125000004 0.5304908937499999 0.49336721875 0.5373676171875 0.5097899265625 0.612509265625
1 0.501637646875 0.656256175 0.5222713375 0.7522801390625 0.555626465625 0.7449884171875001 0.5587498375 0.7402067375 0.5464464203125 0.6944254609375 0.5362405296875 0.6440433890625 0.51847965625 0.645294690625 0.5037351765625 0.6516553796875 0.501637646875 0.656256175
1 0.503775628125 0.7583620609375 0.4814576703125 0.660284553125 0.4683130828125 0.6607218796875001 0.4473677078125 0.6724068984375 0.46482422031250004 0.762409615625 0.46950959687499993 0.77098555625 0.503775628125 0.7583620609375
1 0.409467309375 0.7843932609375 0.41216213437500004 0.78767893125 0.44761479218750005 0.7757864109375 0.4283590765625 0.6785792625 0.4253274 0.674882884375 0.41186124062499996 0.6734964921875 0.3943608078125 0.68222355 0.391398221875 0.6879170875 0.409467309375 0.7843932609375
1 0.3472418359375 0.7314310234375 0.3568278265625 0.7917946031249999 0.36064815 0.8014632859375 0.39491418125 0.7888397890625 0.377718109375 0.7063128265625 0.3724048734375 0.6926764421875 0.34195120156250003 0.6999266640624999 0.3403665921875 0.70443701875 0.3434215140625 0.721762340625 0.3472418359375 0.7314310234375
1 0.37189516093749997 0.8502514640625 0.3760144515625 0.8796118359375 0.378326575 0.8867258250000001 0.38105196406249997 0.8871854750000001 0.431907525 0.87116669375 0.4198027765625 0.8070162953125 0.41641896562499997 0.80432221875 0.4005184234375 0.8071259124999999 0.3655786859375 0.8189279890625001 0.3645069984375 0.8233479015625 0.37189516093749997 0.8502514640625
1 0.43980796718750004 0.8664828984374999 0.44250279375 0.8697685671875 0.4965966640625 0.8541189953125 0.48381820937500003 0.789147178125 0.48094731875 0.786362659375 0.4609434109375 0.7898898875 0.43010703906250003 0.80096843125 0.4298087125 0.8127736562500001 0.43980796718750004 0.8664828984374999
1 0.5070311453125 0.851809009375 0.560803446875 0.8343357171875001 0.5607496359375 0.8235327937499999 0.5481857765625 0.7702757609375 0.5391598359375 0.76857654375 0.4934182 0.7851039156249999 0.504336321875 0.8485233390625 0.5070311453125 0.851809009375
1 0.5248092265625 0.9436354453125 0.5276954015624999 0.94500695625 0.579928940625 0.9278049906250001 0.5803574874999999 0.919737640625 0.566828915625 0.8610094546875 0.555047021875 0.86167660625 0.512574259375 0.87574716875 0.5224971046875 0.9365214578125001 0.5248092265625 0.9436354453125
1 0.5015962921875 0.8809736140625001 0.48144688125 0.882175975 0.44650714375 0.8939780515625 0.45992873906250004 0.9625973046875 0.51453553125 0.9468572906249999 0.5015962921875 0.8809736140625001
1 0.3949027484375 0.9792342953125001 0.3978042046875 0.979192796875 0.44898133749999997 0.9649977312500001 0.43639423437499997 0.89811175625 0.41675774375 0.8992236734375 0.38181800625 0.9110257515625 0.3925062515625 0.9641434015625 0.39273612812500003 0.9744451749999999 0.3949027484375 0.9792342953125001
1 0.821782875 0.1503856359375 0.8240949984375 0.157499625 0.8271419578125 0.15978299375 0.876780328125 0.14585925625 0.86740893125 0.09721046093749999 0.8612459203125 0.0832538078125 0.8561625609375 0.079919196875 0.8121816015625001 0.091435065625 0.8117530531250001 0.0995024140625 0.821782875 0.1503856359375
1 0.8531121328125 0.28307228906250004 0.85680223125 0.28900309218750003 0.8864061296875001 0.2814326015625 0.889177365625 0.2776532234375 0.87002130625 0.187009971875 0.8629779578125 0.175559071875 0.8345759703125 0.18244752656250002 0.8324784390625 0.1870483234375 0.8531121328125 0.28307228906250004
1 0.900836359375 0.25679323125 0.9076119468750001 0.27722333906249996 0.9384024703125 0.2703838234375 0.940147865625 0.2667853296875 0.9220176484374999 0.17596119375 0.91664328125 0.16797684531249998 0.891862303125 0.171406190625 0.885309271875 0.177732821875 0.900836359375 0.25679323125
1 0.867753103125 0.08116620625 0.8716425171875001 0.100224803125 0.881120890625 0.13898253437500002 0.8849717765625 0.145825196875 0.935666553125 0.1288945578125 0.9366080203125 0.12073676562499999 0.921510121875 0.065105925 0.91440564375 0.0593070609375 0.9072247546875 0.060573246875 0.869176928125 0.07574399375 0.867753103125 0.08116620625
1 0.908508209375 0.30480149375 0.90856201875 0.31560441875 0.9190051046875001 0.35983330156250004 0.9251681140624999 0.3737899546875 0.9766973828125 0.358592590625 0.9648530750000001 0.301917946875 0.960841403125 0.2941634234375 0.9566231000000001 0.289736071875 0.950307265625 0.2899095140625 0.91539809375 0.298885571875 0.908508209375 0.30480149375
1 0.8965375328125 0.43337046875 0.9163367328125 0.5276611578125 0.920026834375 0.5335919625 0.9532211765625 0.5253883781249999 0.9559924125 0.521609 0.935358721875 0.42558503437499995 0.9326791796875 0.42088635625000004 0.9204302125 0.41740492187499995 0.9086330359374999 0.4194850828125 0.8965375328125 0.43337046875
1 1 0.47978969375 0.9830065375 0.406371028125 0.9703748687499999 0.4067179109375 0.9472170265625 0.4178528375 0.9674985828124999 0.514879103125 0.9703541921875001 0.51907663125 1 0.5116479828125 1 0.47978969375
