1 0.29488736718749997 0.3743638484375 0.30428033593750003 0.3990588078125 0.35607584999999997 0.3924519734375 0.35790339375 0.3879638640625 0.3566050625 0.380597109375 0.3399050984375 0.330042628125 0.3135320234375 0.32303454062500003 0.2964811828125 0.329548271875 0.288004978125 0.33717023749999997 0.2868542953125 0.3428987859375 0.29488736718749997 0.3743638484375
1 0.2718527546875 0.247007953125 0.264130321875 0.2577925203125 0.274529321875 0.29822460781250004 0.28191940312499997 0.316755309375 0.33392413125 0.3091069234375 0.33603780156249996 0.305499421875 0.3347394703125 0.29813266562499996 0.3230636609375 0.2571418640625 0.31619044218750003 0.2452582546875 0.2938570140625 0.238884759375 0.2866361 0.2402574015625 0.2718527546875 0.247007953125
1 0.12500698125 0.27963060781250004 0.13134481250000002 0.3126200609375 0.137639603125 0.331993434375 0.1428729734375 0.340515559375 0.1933147640625 0.33142784999999997 0.1839833609375 0.29259603125 0.1785469515625 0.27586448125 0.173885834375 0.2691035734375 0.1482942265625 0.2628151484375 0.1339293125 0.26748259218750003 0.1268622203125 0.2726995578125 0.12500698125 0.27963060781250004
1 0.199492784375 0.2914510203125 0.21132859218750003 0.327035165625 0.2635425359375 0.318345225 0.2661515484375 0.3145767765625 0.26513934375 0.308090628125 0.25146064687499997 0.2609355703125 0.2473717828125 0.25593587812499996 0.22078949374999998 0.249969346875 0.203738653125 0.2564830765625 0.19403485468749998 0.267911428125 0.199492784375 0.2914510203125
1 0.2740031015625 0.34464045312499997 0.24692546875 0.3388348671875 0.23256055312499999 0.3435023109375 0.2198847015625 0.3558963421875 0.2326496265625 0.40529545312500004 0.237959909375 0.41573973906250006 0.2908784078125 0.40584729687500004 0.2897123828125 0.39551682499999996 0.2740031015625 0.34464045312499997
1 0.2183277515625 0.423578978125 0.219220003125 0.41452688281250005 0.2043967984375 0.3638493953125 0.20137553125 0.360449971875 0.1755747109375 0.3552031 0.1573239703125 0.363080278125 0.1481155140625 0.374347684375 0.161166565625 0.42462740312499997 0.1666860625 0.4340301359375 0.2183277515625 0.423578978125
1 0.2275884171875 0.451237653125 0.202987496875 0.4446273359375 0.18614587031250002 0.4500995125 0.1727654625 0.4636960421875 0.1797309375 0.4935608359375 0.19084067031250002 0.523539440625 0.243968384375 0.5126054453125 0.24314387499999998 0.4982697015625 0.2275884171875 0.451237653125
1 0.259588590625 0.501688675 0.2628959859375 0.5059687078125 0.3157375734375 0.49415410312499997 0.3155622296875 0.4835017375 0.2985761375 0.43206665 0.2727753171875 0.42681977968749996 0.25473379218750003 0.43365540156250004 0.24505768906249997 0.442640815625 0.244116221875 0.44732780781250003 0.2527215453125 0.48055408593750004 0.259588590625 0.501688675
1 0.3105135609375 0.4325690375 0.32963484374999996 0.4872046671875 0.333465275 0.48888081093749997 0.380132025 0.47323107656249996 0.3816734421875 0.46786235937500004 0.3623429453125 0.4142682875 0.3303334140625 0.41688020468750003 0.3105135609375 0.4325690375
1 0.406077121875 0.613758153125 0.40769545156250003 0.610311596875 0.40553874062500006 0.6003030171875 0.3809872234375 0.5196848593750001 0.3715265109375 0.518377740625 0.34944533906249997 0.524578771875 0.3493622515625 0.5319075890625 0.37307690781249997 0.6166919625 0.38381443125 0.6185577984374999 0.406077121875 0.613758153125
1 0.3311453828125 0.528090846875 0.319626390625 0.52550535 0.3020802078125 0.532180025 0.3000926640625 0.5420747921875 0.323807321875 0.6268591640625 0.33086823593750003 0.6308931796875 0.3585796875 0.6243231234375 0.339498453125 0.548742596875 0.3311453828125 0.528090846875
1 0.31264519218750003 0.6363274171875 0.313328228125 0.6283168765625 0.2876875953125 0.5392904093750001 0.2843802015625 0.5350103796875 0.27317503125 0.5308625499999999 0.2555519375 0.5356150640624999 0.2505923421875 0.5464755078125 0.2774543953125 0.64094656875 0.2849337390625 0.6428974734375 0.31264519218750003 0.6363274171875
1 0.26209879375 0.6459359046875 0.26418476874999997 0.6447713421875 0.26377251562500004 0.6376034703125 0.23805497031249997 0.5466548437500001 0.22283784843749999 0.5394294828125 0.20529166562499998 0.546104159375 0.20153197031249998 0.5556011562500001 0.2273264265625 0.6484719453125 0.2323290625 0.6512275843750001 0.26209879375 0.6459359046875
1 0.299547540625 0.7729894578125001 0.2982276890625 0.7588146609375 0.27508528593750003 0.6757915031249999 0.264117028125 0.66815918125 0.2550470484375 0.667211890625 0.2368732203125 0.6770112312500001 0.2368670453125 0.6862622093749999 0.2623753734375 0.7782523921875 0.2840873328125 0.7784995718750001 0.299547540625 0.7729894578125001
1 0.3459219875 0.76571009375 0.3462419859375 0.754896784375 0.3229457578125 0.6680293015625 0.3196383640625 0.6637492703125 0.306661040625 0.6592036734375 0.2886195171875 0.6660392953125001 0.2858012890625 0.6708492984375 0.28621354375 0.6780171687500001 0.3109404046875 0.7692876921875 0.3459219875 0.76571009375
1 0.368594128125 0.6551443984375 0.34912814375 0.648326003125 0.3334310265625 0.6573206109374999 0.3323572546875 0.6649713203125 0.357579459375 0.756080896875 0.36662174062499997 0.7594711265625 0.39433319375 0.75290106875 0.39230878593749996 0.7399287734375 0.368594128125 0.6551443984375
1 0.3789963078125 0.651764525 0.38000851406249997 0.658250675 0.40387699374999997 0.746879371875 0.41065178125 0.7500327796875 0.43971695625 0.7459436 0.4416214125 0.743377653125 0.43938778906250003 0.7314469109374999 0.41645460156249997 0.6473821984375 0.4080399640625 0.64086730625 0.39542567968750003 0.6391244781250001 0.3809284609375 0.6467556390625 0.3789963078125 0.651764525
1 0.391560809375 0.884261071875 0.396849571875 0.88789731875 0.42860067187500006 0.8819618531250001 0.42792998750000005 0.871470434375 0.40406150625 0.7828417359375 0.39692367968750003 0.7768855593749999 0.3872814484375 0.7741770546875 0.37362108906249997 0.7776419984375 0.3673354671875 0.7835786234375 0.36589865625 0.788426565625 0.391560809375 0.884261071875
1 0.38032177031250003 0.8918071624999999 0.3817308828125 0.8894021625 0.37978338749999996 0.878352028125 0.35421966562499996 0.7912477234375 0.33582127812499996 0.786029596875 0.320828715625 0.793821703125 0.319259603125 0.8016333609374999 0.345912440625 0.8971459734374999 0.35161963125 0.8986991109375 0.38032177031250003 0.8918071624999999
1 0.3328243359375 0.902372134375 0.3337934984375 0.8952422015625 0.3103434484375 0.8045303953125 0.3029194953125 0.797693609375 0.2887422734375 0.7945114578125 0.2737497125 0.802303565625 0.27176216875 0.81219833125 0.2965659421875 0.905391015625 0.3043314140625 0.9082225296875001 0.3328243359375 0.902372134375
1 0.4264565 0.775078375 0.42670875625000004 0.7876529015625 0.41927862656250003 0.790067096875 0.41969088125000004 0.7972349671875001 0.4559951203125 0.9207660875 0.45873026093749997 0.923284903125 0.497416146875 0.9150961890625 0.49710850000000006 0.907407540625 0.46314866875 0.7860354046875 0.45913671718750004 0.7829578734375 0.4516296765625 0.7834499078125 0.44579635624999997 0.77560950625 0.4264565 0.775078375
1 0.5077938140625 0.8703472953125001 0.5070615609375 0.8739927359375 0.5091628828125 0.8888871937499999 0.5176143843750001 0.9182691453125 0.5248845125 0.9212616062500001 0.5518144984375 0.9139718875 0.5534328265624999 0.9105253328125 0.5516391546875 0.9033195234375 0.5254477859375 0.81933988125 0.5224265203125 0.815940459375 0.5208081906250001 0.8193870140625 0.514996390625 0.8183546546875 0.508138515625 0.8225300640625001 0.5035266140625 0.8201342578125 0.49674565 0.82623183125 0.5037726953125 0.8419597640625 0.500954465625 0.8467697671875 0.5043941640625 0.8480860828125 0.5049448984375 0.84303925625 0.5076031265625 0.8436359109374999 0.5124672828125 0.85860624375 0.5110796890625 0.8678192859375 0.5127687546875 0.8755458718750001 0.5077938140625 0.8703472953125001
1 0.5571464890625 0.8528512750000001 0.574467921875 0.9095320734375001 0.5891681828124999 0.9101103374999999 0.6088772515625 0.9041932609375 0.6082834781249999 0.8956240031249999 0.5822244140625 0.8086806453125 0.5477104781250001 0.8145402359375 0.5571464890625 0.8528512750000001
1 0.5088803140625 0.6874487453125 0.5018194 0.68341473125 0.4774707328125 0.6893789406249999 0.47626465937500007 0.6999933656249999 0.5045358249999999 0.7920594265625 0.5139965375 0.7933665453125001 0.5371730015625 0.7863228453125 0.5375699109375 0.7774316953125 0.5088803140625 0.6874487453125
1 0.47549273750000004 0.5678378234375 0.470203975 0.5642015781249999 0.44139723125 0.5716143046875 0.4405326734375 0.5782234625 0.4683084984375 0.670450465625 0.4726065765625 0.67440860625 0.5032900812500001 0.6668728703125 0.5009795453125 0.6530199671875 0.47549273750000004 0.5678378234375
1 0.4364194859375 0.4534818078125 0.40980332500000005 0.45920919375 0.4094341109375 0.4656574046875 0.41359371093749997 0.4818302390625 0.43720993437500005 0.5578844109375 0.4439078125 0.5591156546875 0.47034245468749997 0.5519868828125001 0.4441849578125 0.456313321875 0.4364194859375 0.4534818078125
1 0.41045586093750003 0.340707671875 0.405662440625 0.3369104796875 0.3755788875 0.34376449062500003 0.3752096734375 0.3502127015625 0.401345646875 0.4390782203125 0.40918803125 0.4438318984375 0.43661335625 0.43638123437500004 0.43737330625000004 0.430292853125 0.41045586093750003 0.340707671875
1 0.37680367656249997 0.227024184375 0.3713057 0.22442949375 0.34489875312499996 0.22911532499999998 0.34533252812500004 0.2430912375 0.3683980203125 0.3241922328125 0.37488668125 0.3264650328125 0.40118901874999996 0.3222999765625 0.40236739843749997 0.31412849062500003 0.37680367656249997 0.227024184375
1 0.437730734375 0.20722778281249998 0.434214125 0.2039893078125 0.403062975 0.2092430484375 0.4026937609375 0.215691259375 0.42669454531250006 0.301356240625 0.43049728125 0.305475325 0.4627437234375 0.2993789140625 0.4577042234375 0.2737562140625 0.437730734375 0.20722778281249998
1 0.48209892343750005 0.315969065625 0.44010564218750003 0.31987774999999996 0.43189404375 0.3215722828125 0.43116179218750006 0.3252177234375 0.44013015468749994 0.3612467703125 0.44731102187499994 0.380819028125 0.49882040781250003 0.3733315875 0.490347384375 0.33714159375 0.48209892343750005 0.315969065625
1 0.5098996390625 0.2928192125 0.5122994359375 0.29009231875 0.5114964468750001 0.2825646171875 0.48650497968749995 0.197221528125 0.48051166093750003 0.19478778125 0.450141978125 0.20076118593749998 0.46259308125 0.251722628125 0.47640408125 0.29591396875 0.48112059062499996 0.2977889984375 0.5098996390625 0.2928192125
1 0.5356422640625 0.190018040625 0.5278767906249999 0.187186528125 0.4977932375 0.1940405375 0.5181789796875 0.26773684062499997 0.52575058125 0.2876689296875 0.5304670890625001 0.289543959375 0.560941378125 0.283049778125 0.5610521609375 0.273278021875 0.5356422640625 0.190018040625
1 0.610134053125 0.27096041406250004 0.610475571875 0.26695514375 0.583921165625 0.18017273281249999 0.5771463781249999 0.1770193265625 0.5480535078125001 0.18355144375000002 0.5485426734375001 0.19264147812500002 0.5752293828124999 0.27646017343749996 0.5787459921875 0.27969864843750003 0.58448088125 0.27880884687499996 0.610134053125 0.27096041406250004
1 0.6361715953125 0.35109573125 0.637789925 0.3476491765625 0.6364915953125 0.3402824203125 0.623671278125 0.29576918750000003 0.620859225 0.2913282109375 0.5724265 0.2973291953125 0.570417434375 0.3004159203125 0.58016726875 0.3371646296875 0.5884157296875 0.35833715625 0.6361715953125 0.35109573125
1 0.5666483828125 0.36297585625 0.5656146578125 0.3496816671875 0.5500592 0.30264961874999996 0.49891285312500006 0.3129398296875 0.5143852234375 0.3673006953125 0.5184740859375 0.37230038906249996 0.5666483828125 0.36297585625
1 0.5071673031249999 0.40323431875000004 0.5067980875 0.40968252656250004 0.5304358328125 0.4925447375 0.5623684515625 0.488010659375 0.5631284 0.481922278125 0.53829075625 0.400423515625 0.535060275 0.3980656453125 0.5071673031249999 0.40323431875000004
1 0.49014415624999996 0.40730510937500003 0.48712289062499997 0.403905684375 0.4590207015625 0.4101159109375 0.458079234375 0.41480290468750003 0.4605220734375 0.42569209218750004 0.48101242343750006 0.49886761718750006 0.5134403828125 0.494172590625 0.5068933375 0.4622246890625 0.49014415624999996 0.40730510937500003
1 0.5900370546875 0.38945158125 0.5623809921875 0.391135759375 0.555027775 0.395472115625 0.5711216140625 0.45595929999999996 0.5807730156249999 0.48397780625 0.603971 0.4837421453125 0.6144777875 0.47984149374999996 0.6147423937500001 0.4739140625 0.5900370546875 0.38945158125
1 0.6063556421875 0.386583290625 0.632387009375 0.47596958906250003 0.6378849859375 0.478564278125 0.6643965390625 0.47335767031250003 0.6665102109375 0.46975016875 0.66149223125 0.450935509375 0.6393835515624999 0.381206540625 0.6063556421875 0.386583290625
1 0.6879485828125 0.3722418375 0.6789832109375 0.370773771875 0.65583444375 0.375374534375 0.656323609375 0.3844645671875 0.6803797859375 0.46524367031249997 0.6858777625 0.46783836093750003 0.7128077453125 0.46054864375 0.71328156875 0.45357965624999996 0.6879485828125 0.3722418375
1 0.7214684640625 0.48888904218749996 0.7052052671875 0.48687145468750004 0.6897173640625 0.4948245078125 0.69049265625 0.50479515 0.7163209859374999 0.5859720203125 0.7235911140625 0.58896448125 0.7493211984375 0.5830382109375 0.749795021875 0.5760692234375 0.7214684640625 0.48888904218749996
1 0.6755339671875 0.5008933359375 0.6581262625 0.49535331562499996 0.6436290421875001 0.5029844781249999 0.643413653125 0.5132770109375 0.6695281078125 0.5953344921875 0.6770843640625 0.599207559375 0.7017468546875001 0.59168101875 0.7020883718750001 0.5876757484375 0.6755339671875 0.5008933359375
1 0.649296 0.6038554546875 0.6507051140625 0.601450453125 0.6489668328125 0.589358765625 0.624338403125 0.506818446875 0.609847359375 0.5051986265624999 0.5920919625 0.5129148578125 0.590369025 0.5168821890624999 0.6175725953125 0.60734798125 0.6220798890625 0.6102645640625 0.649296 0.6038554546875
1 0.5393272859375 0.5266516234374999 0.540262578125 0.531215609375 0.5656724750000001 0.614475590625 0.5709612374999999 0.6181118359375 0.5929378015625 0.61243158125 0.5968790171875 0.6043359703125 0.581120521875 0.5490944953125 0.5755087671875 0.5217105796875 0.570638434375 0.5159912265625 0.5570334671875 0.5145702921875001 0.5417547796875 0.521481790625 0.5393272859375 0.5266516234374999
1 0.52339943125 0.5298797453125 0.5163385171875 0.5258457296875 0.48852245781250003 0.5329365640625 0.48901162343750004 0.542026596875 0.49904758281249995 0.5796559125 0.5140030906249999 0.6273696859375 0.546717178125 0.6235552671875 0.5441759078125 0.6039358781249999 0.52339943125 0.5298797453125
1 0.5678999234375001 0.6356573109375 0.5518951578125 0.6369632703125 0.5356257859375 0.6441966625 0.5502674703125 0.6934727656249999 0.5608972046875 0.7396713390625 0.565899840625 0.7424269765625 0.5987739265625 0.7332059015625 0.571911875 0.6387348421875 0.5678999234375001 0.6356573109375
1 0.654141440625 0.7249516671875 0.6542522234375 0.715179909375 0.627411690625 0.6275168921875001 0.6034322390625 0.627032890625 0.5916209453125 0.6328177640625 0.6179599578125 0.7298927109375 0.654141440625 0.7249516671875
1 0.68411140625 0.6149354921875 0.6788226453124999 0.611299246875 0.6592735750000001 0.6118096703125 0.648034534375 0.619355759375 0.647093065625 0.624042753125 0.675727271875 0.7189115828125 0.712613309375 0.7127680390625 0.7134501703125 0.708601821875 0.68411140625 0.6149354921875
1 0.7645688203125001 0.7007545515625 0.76340279375 0.6904240781250001 0.7435277375 0.6326258499999999 0.742361709375 0.622295378125 0.7369253 0.605563828125 0.7334086890625 0.6023253515625 0.7031159203125 0.6102209171874999 0.70482650625 0.62475554375 0.7283873390625 0.70569559375 0.7645688203125001 0.7007545515625
1 0.714945365625 0.7334289828125 0.73437429375 0.7957532578125 0.7867974515625 0.7860217640625 0.7889880359375 0.7843364234375 0.7876897031250001 0.7769696671874999 0.7775429609375 0.7491121078125 0.7714358640625 0.721889140625 0.7684145984375 0.718489715625 0.7320239015625 0.7244723140625 0.7166683015624999 0.7294616515625 0.714945365625 0.7334289828125
1 0.7088135656250001 0.743209934375 0.7030079421875 0.73292659375 0.6705799796874999 0.7376216203125 0.6512616453125 0.743898528125 0.65003405 0.7477049140625 0.6692537656249999 0.81107074375 0.724362846875 0.7994929640625 0.725199709375 0.7953267453125 0.7088135656250001 0.743209934375
1 0.58434126875 0.761261184375 0.5982507015625 0.814182728125 0.6032748546875 0.8237464062500001 0.6589561921875 0.813929840625 0.659793053125 0.8097636234375001 0.6396595656249999 0.7486418484375 0.5915129671875 0.7555234421875 0.58434126875 0.761261184375
1 0.6850706468750001 0.8959873203125 0.6653001984375 0.837668315625 0.621193246875 0.8451845 0.61047724375 0.8501267046875001 0.6261034359375001 0.9083318953124999 0.6302692125 0.91525375 0.6844645218750001 0.9059200234375 0.686368978125 0.903354075 0.6850706468750001 0.8959873203125
1 0.6774468359375 0.83712915 0.696952678125 0.9013755874999999 0.752557103125 0.8896368593749999 0.7321928796875 0.8227485984375 0.695802184375 0.8287311953125001 0.6774468359375 0.83712915
1 0.8174468953125 0.8685528874999999 0.8128134749999999 0.859349040625 0.797313409375 0.8074311125 0.7609227125 0.813413709375 0.74306270625 0.82165071875 0.7633500171875001 0.8866168171875 0.815200921875 0.87512410625 0.8177822390625 0.8737985968749999 0.8174468953125 0.8685528874999999
1 0 0.3607415359375 0.0010637078125 0.36419993281249996 0.05142858593750001 0.35319005937500003 0.053046915625 0.349743503125 0.0517485828125 0.3423767484375 0.0367161640625 0.29274081406249997 0.032550389062500004 0.285818959375 0 0.29352986875 0 0.3607415359375
1 0.05951705 0.37976924218749997 0.05550509687500001 0.3766917125 0.027193696875 0.3839434921875 0.026350659375000002 0.3973606890625 0.0519912921875 0.4863871546875 0.056212459375 0.48842313125 0.0859052796875 0.481209290625 0.0863791015625 0.47424030312500004 0.05951705 0.37976924218749997
1 0 0.4944424625 0.0018848453125 0.500720575 0.0051153281250000005 0.50307844375 0.0355127046875 0.4946621015625 0.0319038390625 0.4734424421875 0.0084968296875 0.39634671718750003 0 0.393911421875 0 0.4944424625
1 0 0.555165121875 0.012714435937499999 0.5989405328124999 0.06534680937500001 0.588167484375 0.0642361734375 0.5729511328125 0.0526926671875 0.5289966140625 0.047668510937500005 0.5194329359375 0.0388077484375 0.5174440921875 0.0037707749999999996 0.5259075671875 0 0.5277816093750001 0 0.555165121875
1 0.1449087890625 0.7268505968750001 0.1453826109375 0.719881609375 0.11859747031250001 0.6273327109375 0.10139898124999999 0.6207511375 0.09000611562500001 0.624452903125 0.08082535468749999 0.6332773703125001 0.0806653546875 0.638684025 0.1075274078125 0.7331550859375 0.11174857499999999 0.7351910609375001 0.1449087890625 0.7268505968750001
1 0.0295744015625 0.6440883578125 0.0562764546875 0.7439660734375 0.0619836453125 0.7455192109375 0.093657834375 0.7376615828124999 0.09420856718750001 0.7326147578125 0.066565046875 0.6374240375 0.040890353125 0.638464428125 0.0295744015625 0.6440883578125
